584,0,0
0,0,0
256,17,0
257,5,0
258,1,0
259,0,0
260,0,0
261,0,0
262,0,0
263,0,0
320,14,0
321,5,0
322,2,0
323,4,0
324,0,0
325,0,0
326,0,0
327,0,0
384,8,0
385,3,0
386,2,0
387,2,0
388,0,0
389,0,0
390,0,0
448,0,0
449,1,0
450,4,0
451,4,0
452,2,0
453,0,0
454,0,0
455,0,0
512,0,0
768,2,0
769,2,0
770,0,0
771,0,0
832,6,0
833,9,0
834,1,0
835,0,0
836,0,0
837,0,0
896,0,0
897,7,0
898,0,0
899,0,0
900,0,0
901,0,0
902,0,0
903,0,0
904,0,0
905,2,0
960,0,0
961,4,0
962,5,0
963,1,0
964,0,0
965,0,0
966,0,0
1024,0,0
1280,5,0
1281,2,0
1282,0,0
1283,0,0
1344,3,0
1345,3,0
1346,0,0
1347,0,0
1348,0,0
1408,1,0
1409,0,0
1410,1,0
1411,0,0
1412,0,0
1472,0,0
1473,0,0
1474,0,0
1475,1,0
1476,0,0
1477,0,0
1536,0,0
1792,1,0
1793,1,0
1794,4,0
1795,0,0
1796,0,0
1856,3,0
1857,4,0
1858,1,0
1859,0,0
1860,0,0
1861,0,0
1862,0,0
1920,3,0
1921,1,0
1922,2,0
1923,0,0
1924,0,0
1984,0,0
1985,0,0
1986,0,0
1987,0,0
2048,0,0
2304,1,0
2305,1,0
2306,0,0
2307,0,0
2308,0,0
2368,0,0
2369,1,0
2370,0,0
2371,0,0
2372,1,0
2373,0,0
2433,1,0
2434,0,0
2437,0,0
2560,0,0
2816,5,0
2817,4,0
2818,1,0
2880,4,0
2881,2,0
2882,0,0
2883,0,0
2884,1,0
2944,1,0
2945,0,0
2946,0,0
2947,0,0
2948,1,0
3008,1,0
3009,0,0
3010,2,0
3011,1,0
3012,1,0
3072,0,0
3328,3,0
3329,0,0
3330,0,0
3331,0,0
3392,0,0
3393,0,0
3394,2,0
3395,2,0
3456,2,0
3457,3,0
3458,1,0
3521,1,0
3522,0,0
3523,0,0
3584,0,0
3840,2,0
3841,6,0
3842,0,0
3904,2,0
3905,2,0
3906,0,0
3907,0,0
3968,0,0
3969,3,0
3970,1,0
4033,0,0
4034,1,0
4096,0,0
4352,0,0
4353,5,0
4354,2,0
4355,0,0
4356,0,0
4357,0,0
4358,0,0
4416,8,0
4417,4,0
4418,1,0
4419,0,0
4420,0,0
4421,0,0
4480,4,0
4481,3,0
4482,3,0
4483,2,0
4484,1,0
4485,1,0
4486,1,0
4544,0,0
4545,3,0
4546,2,0
4547,1,0
4548,1,0
4549,0,0
4550,0,0
4551,0,0
4608,0,0
4864,11,0
4865,8,0
4866,0,0
4867,0,0
4868,0,0
4928,6,0
4929,0,0
4930,0,0
4931,2,0
4932,0,0
4933,0,0
4934,0,0
4992,0,0
4993,2,0
4994,5,0
4995,3,0
4996,2,0
4997,0,0
4998,0,0
5056,0,0
5057,2,0
5058,3,0
5059,0,0
5060,0,0
5061,1,0
5062,0,0
5120,0,0
5376,6,0
5377,3,0
5378,1,0
5379,0,0
5380,0,0
5440,1,0
5441,2,0
5442,2,0
5443,0,0
5444,0,0
5504,5,0
5505,2,0
5506,6,0
5507,0,0
5508,0,0
5509,0,0
5510,0,0
5511,0,0
5512,0,0
5513,0,0
5568,0,0
5569,1,0
5570,2,0
5571,1,0
5572,0,0
5573,0,0
5574,0,0
5575,0,0
5576,0,0
5577,0,0
5578,0,0
5632,0,0
5888,5,0
5889,9,0
5890,3,0
5891,1,0
5952,7,0
5953,2,0
5954,0,0
5955,0,0
5956,0,0
6016,5,0
6017,7,0
6018,1,0
6019,1,0
6020,0,0
6080,0,0
6081,1,0
6082,1,0
6083,0,0
6084,0,0
6085,0,0
6144,0,0
6400,4,0
6401,4,0
6402,0,0
6403,0,0
6404,1,0
6405,0,0
6406,0,0
6407,0,0
6464,3,0
6465,1,0
6466,2,0
6467,0,0
6468,1,0
6471,0,0
6472,1,0
6528,2,0
6529,2,0
6530,0,0
6531,2,0
6532,0,0
6533,0,0
6592,1,0
6593,0,0
6594,0,0
6595,1,0
6596,0,0
6656,0,0
6912,7,0
6913,6,0
6914,1,0
6976,11,0
6977,4,0
6978,1,0
6979,3,0
6980,0,0
7040,1,0
7041,5,0
7042,4,0
7043,1,0
7044,0,0
7104,0,0
7105,2,0
7106,3,0
7107,1,0
7108,0,0
7168,0,0
7424,3,0
7425,5,0
7426,1,0
7427,0,0
7428,0,0
7429,0,0
7488,4,0
7489,3,0
7490,4,0
7491,1,0
7493,0,0
7494,1,0
7552,2,0
7553,3,0
7554,2,0
7555,0,0
7556,0,0
7557,1,0
7616,0,0
7617,2,0
7618,0,0
7619,0,0
7620,0,0
7621,1,0
7680,0,0
7936,15,0
7937,0,0
7938,0,0
7939,0,0
7940,0,0
7941,0,0
8000,4,0
8001,10,0
8002,3,0
8003,3,0
8064,0,0
8065,3,0
8066,8,0
8067,1,0
8068,1,0
8129,4,0
8130,6,0
8131,1,0
8132,1,0
8192,0,0
8448,8,0
8449,2,0
8450,1,0
8451,1,0
8452,0,0
8512,8,0
8513,2,0
8514,0,0
8515,1,0
8516,0,0
8517,0,0
8518,0,0
8519,0,0
8520,0,0
8576,3,0
8577,2,0
8578,1,0
8579,0,0
8580,0,0
8581,0,0
8582,0,0
8583,0,0
8640,1,0
8641,1,0
8642,2,0
8643,1,0
8644,0,0
8645,0,0
8646,0,0
8647,0,0
8648,0,0
8649,0,0
8650,0,0
8651,0,0
8704,0,0
8960,12,0
8961,3,0
8962,1,0
8963,2,0
8964,0,0
9024,2,0
9025,5,0
9026,1,0
9027,0,0
9028,0,0
9029,0,0
9088,0,0
9089,4,0
9090,4,0
9091,0,0
9092,1,0
9093,0,0
9152,0,0
9153,5,0
9154,2,0
9155,1,0
9156,0,0
9157,0,0
9158,0,0
9216,0,0
9472,8,0
9473,5,0
9474,1,0
9475,0,0
9536,3,0
9537,9,0
9538,6,0
9539,1,0
9540,0,0
9541,0,0
9542,0,0
9600,2,0
9601,3,0
9602,5,0
9603,5,0
9604,1,0
9606,0,0
9664,0,0
9665,7,0
9666,4,0
9667,0,0
9668,0,0
9669,0,0
9670,0,0
9728,0,0
9984,22,0
9985,3,0
9986,1,0
9987,1,0
9988,0,0
9989,0,0
10048,9,0
10049,11,0
10050,2,0
10051,0,0
10052,1,0
10053,0,0
10054,0,0
10112,5,0
10113,5,0
10114,7,0
10115,3,0
10116,0,0
10117,0,0
10118,0,0
10176,0,0
10177,3,0
10178,0,0
10179,2,0
10180,0,0
10181,0,0
10182,0,0
10183,1,0
10240,0,0
10496,5,0
10497,3,0
10498,0,0
10560,5,0
10561,4,0
10562,3,0
10563,0,0
10624,0,0
10625,3,0
10626,1,0
10627,0,0
10628,0,0
10688,0,0
10689,3,0
10690,1,0
10691,0,0
10692,0,0
10693,0,0
10752,0,0
11008,10,0
11009,7,0
11010,0,0
11011,0,0
11072,7,0
11073,3,0
11074,0,0
11075,0,0
11076,2,0
11136,0,0
11137,5,0
11138,1,0
11139,2,0
11140,0,0
11200,3,0
11201,0,0
11202,0,0
11203,0,0
11204,0,0
11205,0,0
11206,0,0
11207,0,0
11264,0,0
11520,4,0
11521,4,0
11522,0,0
11523,0,0
11584,1,0
11585,0,0
11586,0,0
11587,0,0
11588,0,0
11589,0,0
11648,0,0
11649,2,0
11650,0,0
11651,0,0
11652,0,0
11653,0,0
11712,0,0
11713,0,0
11714,0,0
11715,0,0
11716,0,0
11717,0,0
11776,0,0
12032,3,0
12033,4,0
12034,0,0
12035,0,0
12036,0,0
12096,5,0
12097,1,0
12098,6,0
12099,0,0
12100,0,0
12101,0,0
12160,3,0
12161,2,0
12162,0,0
12163,1,0
12164,0,0
12165,0,0
12224,2,0
12225,4,0
12226,4,0
12227,2,0
12228,0,0
12229,1,0
12288,0,0
12544,0,0
12800,0,0
13056,0,0
13312,0,0
13568,0,0
13824,0,0
14080,0,0
14336,0,0
14592,0,0
14848,0,0
15104,0,0
15360,0,0
15616,0,0
15872,0,0
16128,0,0
0,0,-76
0,1,76
1,0,17
1,1,-1531
1,2,703
1,9,639
1,32,37
1,60,6
1,103,2
1,165,127
2,0,5
2,2,-703
2,3,245
2,10,313
2,32,29
2,60,10
2,103,2
2,165,99
3,0,1
3,3,-245
3,4,35
3,11,118
3,32,17
3,60,3
3,165,71
4,4,-35
4,5,8
4,12,14
4,32,6
4,165,7
5,5,-8
5,6,3
5,13,2
5,165,3
6,6,-3
6,7,1
6,32,1
6,165,1
7,7,-1
7,8,1
8,8,-1
8,165,1
9,0,14
9,9,-639
9,10,285
9,17,216
9,32,36
9,60,8
9,103,1
9,165,79
10,0,5
10,10,-598
10,11,237
10,18,219
10,32,25
10,60,15
10,103,1
10,165,96
11,0,2
11,11,-355
11,12,68
11,19,139
11,32,28
11,60,3
11,165,115
12,0,4
12,12,-82
12,13,22
12,20,23
12,32,3
12,60,2
12,165,28
13,13,-24
13,14,9
13,21,7
13,32,1
13,165,7
14,14,-9
14,15,3
14,22,2
14,32,1
14,165,3
15,15,-3
15,16,1
15,165,2
16,16,-1
16,165,1
17,0,8
17,17,-216
17,18,106
17,24,59
17,32,11
17,60,4
17,103,2
17,165,26
18,0,3
18,18,-325
18,19,129
18,25,106
18,32,19
18,60,4
18,165,64
19,0,2
19,19,-268
19,20,56
19,26,75
19,32,26
19,60,6
19,165,103
20,0,2
20,20,-79
20,21,23
20,27,23
20,32,6
20,60,2
20,165,23
21,21,-30
21,22,6
21,28,9
21,32,1
21,60,1
21,165,13
22,22,-8
22,23,3
22,29,3
22,32,1
22,165,1
23,23,-3
23,60,1
23,165,2
24,24,-59
24,25,40
24,32,18
24,165,1
25,0,1
25,25,-146
25,26,58
25,32,56
25,60,1
25,165,30
26,0,4
26,26,-133
26,27,35
26,32,35
26,165,59
27,0,4
27,27,-58
27,28,22
27,32,17
27,60,1
27,165,14
28,0,2
28,28,-31
28,29,10
28,32,8
28,165,11
29,29,-13
29,30,3
29,32,4
29,165,6
30,30,-3
30,31,1
30,165,2
31,31,-1
31,32,1
32,32,-357
32,33,357
33,0,1
33,33,-362
33,34,148
33,37,149
33,81,11
33,118,2
33,137,2
33,194,22
33,221,14
33,365,13
34,0,1
34,34,-148
34,35,60
34,38,55
34,81,4
34,118,3
34,137,3
34,194,13
34,221,7
34,365,2
35,35,-60
35,36,10
35,39,28
35,81,1
35,118,3
35,194,11
35,221,2
35,365,5
36,36,-10
36,40,7
36,194,3
37,0,2
37,37,-149
37,38,56
37,43,47
37,60,2
37,81,13
37,118,2
37,137,1
37,194,16
37,221,5
37,365,5
38,0,4
38,38,-111
38,39,31
38,44,51
38,81,5
38,103,1
38,118,2
38,137,3
38,194,9
38,365,5
39,39,-59
39,40,18
39,45,15
39,60,1
39,81,4
39,118,1
39,194,14
39,221,1
39,365,5
40,40,-25
40,41,2
40,46,9
40,137,3
40,194,9
40,365,2
41,41,-2
41,42,1
41,47,1
42,42,-1
42,48,1
43,43,-47
43,44,20
43,53,18
43,81,1
43,194,5
43,221,2
43,365,1
44,0,3
44,44,-71
44,45,21
44,54,24
44,60,1
44,81,4
44,118,3
44,137,1
44,194,11
44,365,3
45,45,-36
45,46,7
45,55,12
45,81,2
45,118,1
45,194,10
45,365,4
46,46,-16
46,47,3
46,56,3
46,194,6
46,221,1
46,365,3
47,47,-4
47,48,1
47,57,1
47,81,1
47,221,1
48,48,-2
48,49,1
48,194,1
49,49,-1
49,50,1
50,50,-1
50,51,1
51,51,-1
51,52,1
52,0,1
52,52,-1
53,53,-18
53,54,8
53,81,10
54,0,2
54,54,-32
54,55,7
54,81,17
54,137,1
54,194,3
54,365,2
55,0,2
55,55,-19
55,56,5
55,60,1
55,81,8
55,194,2
55,221,1
56,56,-8
56,57,4
56,60,1
56,194,1
56,221,1
56,365,1
57,57,-5
57,58,1
57,81,1
57,118,1
57,194,2
58,58,-1
58,59,1
59,59,-1
59,194,1
60,60,-76
60,61,76
61,32,3
61,61,-107
61,62,51
61,65,39
61,118,2
61,165,2
61,221,4
61,274,6
62,60,2
62,62,-51
62,63,19
62,66,23
62,221,3
62,274,4
63,63,-19
63,64,2
63,67,10
63,221,6
63,274,1
64,64,-2
64,68,2
65,0,1
65,60,1
65,65,-39
65,66,14
65,70,15
65,118,1
65,221,4
65,274,3
66,32,1
66,60,2
66,66,-37
66,67,17
66,71,10
66,118,1
66,194,1
66,274,5
67,67,-27
67,68,7
67,72,11
67,118,1
67,221,6
67,274,2
68,68,-9
68,69,1
68,73,6
68,118,1
68,221,1
69,69,-1
69,81,1
70,60,1
70,70,-15
70,71,3
70,75,9
70,221,1
70,274,1
71,71,-13
71,72,4
71,76,6
71,221,2
71,274,1
72,60,1
72,72,-15
72,73,3
72,77,5
72,221,5
72,274,1
73,73,-9
73,74,2
73,78,3
73,221,2
73,274,2
74,74,-2
74,79,1
74,221,1
75,75,-9
75,76,7
75,81,2
76,76,-13
76,77,6
76,81,4
76,118,1
76,221,2
77,77,-11
77,78,4
77,81,2
77,118,1
77,221,2
77,274,2
78,32,1
78,78,-7
78,79,5
78,118,1
79,79,-6
79,80,1
79,81,1
79,118,1
79,194,1
79,221,1
79,274,1
80,80,-1
80,118,1
81,81,-93
81,82,93
82,81,1
82,82,-103
82,83,38
82,87,44
82,152,2
82,253,4
82,301,4
82,320,9
82,479,1
83,83,-38
83,84,19
83,88,15
83,194,1
83,301,2
83,320,1
84,0,1
84,81,1
84,84,-19
84,85,4
84,89,6
84,152,1
84,253,3
84,301,1
84,320,1
84,425,1
85,85,-4
85,86,1
85,90,2
85,479,1
86,86,-1
86,91,1
87,81,1
87,87,-44
87,88,24
87,94,12
87,118,2
87,253,3
87,301,1
87,320,1
88,0,1
88,81,1
88,88,-39
88,89,17
88,95,11
88,152,3
88,253,1
88,301,1
88,320,2
88,479,2
89,81,1
89,89,-23
89,90,3
89,96,9
89,253,7
89,301,2
89,320,1
90,90,-5
90,91,1
90,253,4
91,91,-2
91,92,1
91,253,1
92,92,-1
92,93,1
93,93,-1
93,301,1
94,0,1
94,94,-12
94,95,5
94,99,4
94,253,2
95,81,1
95,95,-16
95,96,6
95,100,5
95,253,2
95,320,1
95,425,1
96,60,1
96,96,-15
96,97,2
96,101,4
96,253,7
96,320,1
97,97,-2
97,98,1
97,152,1
98,98,-1
98,253,1
99,99,-4
99,100,1
99,152,3
100,100,-6
100,101,4
100,301,1
100,320,1
101,101,-8
101,102,2
101,152,3
101,253,1
101,479,2
102,102,-2
102,253,1
102,320,1
103,103,-7
103,104,7
104,60,1
104,104,-11
104,105,6
104,109,4
105,105,-6
105,106,5
105,165,1
106,106,-5
106,107,2
106,111,1
106,274,2
107,107,-2
107,108,1
107,274,1
108,108,-1
108,113,1
109,109,-4
109,110,4
110,32,1
110,110,-4
110,111,1
110,115,1
110,274,1
111,111,-2
111,112,1
111,116,1
112,112,-1
112,113,1
113,32,1
113,113,-2
113,114,1
114,114,-1
114,117,1
115,115,-1
115,165,1
116,116,-1
116,274,1
117,117,-1
117,274,1
118,118,-29
118,119,29
119,0,1
119,119,-32
119,120,12
119,122,17
119,194,1
119,365,1
120,81,1
120,120,-12
120,121,4
120,123,4
120,194,2
120,221,1
121,121,-4
121,124,2
121,194,1
121,301,1
122,122,-17
122,123,6
122,127,6
122,165,1
122,194,2
122,253,1
122,400,1
123,81,2
123,123,-10
123,124,4
123,128,3
123,253,1
124,124,-6
124,125,3
124,129,3
125,125,-3
125,126,1
125,130,2
126,81,1
126,126,-1
127,127,-6
127,128,2
127,132,3
127,365,1
128,128,-5
128,129,3
128,133,1
128,301,1
129,129,-6
129,130,3
129,134,2
129,301,1
130,130,-5
130,131,1
130,135,3
130,301,1
131,131,-1
131,194,1
132,81,1
132,132,-3
132,133,1
132,152,1
133,133,-2
133,134,2
134,81,1
134,134,-4
134,135,1
134,194,1
134,320,1
135,81,1
135,135,-4
135,136,1
135,152,1
135,479,1
136,136,-1
136,221,1
137,137,-13
137,138,13
138,32,1
138,138,-17
138,139,6
138,142,6
138,253,1
138,274,1
138,320,2
139,139,-6
139,140,2
139,143,3
139,320,1
140,140,-2
140,141,1
140,144,1
141,141,-1
141,320,1
142,142,-6
142,143,2
142,146,3
142,301,1
143,143,-5
143,144,1
143,147,4
144,60,1
144,144,-2
144,145,1
145,32,1
145,145,-1
146,32,1
146,146,-3
146,147,2
147,32,1
147,147,-6
147,148,3
147,149,1
147,274,1
148,148,-3
148,150,2
148,274,1
149,118,1
149,149,-1
150,150,-2
150,151,1
150,320,1
151,151,-1
151,152,1
152,152,-16
152,153,16
153,137,1
153,153,-18
153,154,11
153,156,6
154,118,1
154,154,-11
154,155,1
154,157,5
154,253,1
154,301,1
154,320,2
155,155,-1
155,158,1
156,156,-6
156,157,3
156,160,1
156,253,1
156,320,1
157,152,1
157,157,-8
157,158,2
157,161,2
157,320,1
157,345,2
158,158,-3
158,159,1
158,162,2
159,159,-1
159,345,1
160,160,-1
160,161,1
161,137,1
161,161,-3
161,163,1
161,320,1
162,162,-2
162,164,1
162,253,1
163,163,-1
163,345,1
164,152,1
164,164,-1
165,165,-935
165,166,935
166,166,-1084
166,167,489
166,173,473
166,194,31
166,221,6
166,365,85
167,165,5
167,167,-489
167,168,186
167,174,222
167,194,20
167,221,8
167,365,48
168,165,2
168,168,-186
168,169,32
168,175,92
168,194,7
168,365,53
169,169,-32
169,170,3
169,176,16
169,194,2
169,221,1
169,365,10
170,170,-3
170,171,1
170,194,1
170,365,1
171,171,-1
171,172,1
172,172,-1
172,365,1
173,165,8
173,173,-473
173,174,205
173,179,177
173,194,22
173,221,9
173,274,2
173,365,50
174,165,4
174,174,-427
174,175,148
174,180,165
174,194,31
174,221,3
174,365,76
175,165,1
175,175,-240
175,176,53
175,181,100
175,194,10
175,221,2
175,365,74
176,176,-69
176,177,9
176,182,34
176,194,4
176,365,22
177,177,-9
177,178,3
177,183,3
177,365,3
178,178,-3
178,184,1
178,365,2
179,165,4
179,179,-177
179,180,77
179,186,54
179,194,7
179,221,7
179,365,28
180,165,3
180,180,-242
180,181,113
180,187,68
180,194,13
180,221,1
180,274,1
180,365,43
181,165,3
181,181,-213
181,182,48
181,188,82
181,194,18
181,221,2
181,365,60
182,165,2
182,182,-82
182,183,27
182,189,24
182,194,6
182,365,23
183,165,1
183,183,-30
183,184,7
183,190,5
183,365,17
184,165,1
184,184,-8
184,185,2
184,191,2
184,365,3
185,165,1
185,185,-2
185,365,1
186,186,-54
186,187,38
186,194,14
186,221,1
186,365,1
187,165,3
187,187,-106
187,188,39
187,194,39
187,221,3
187,365,22
188,165,2
188,188,-121
188,189,29
188,194,46
188,221,2
188,274,1
188,365,41
189,165,1
189,189,-53
189,190,13
189,194,12
189,221,3
189,365,24
190,165,1
190,190,-18
190,191,10
190,194,5
190,365,2
191,191,-12
191,192,5
191,194,3
191,221,1
191,365,3
192,192,-5
192,193,3
192,194,1
192,365,1
193,193,-3
193,365,3
194,194,-412
194,195,412
195,165,5
195,195,-413
195,196,154
195,200,185
195,221,1
195,253,11
195,301,6
195,320,4
195,400,25
195,425,8
195,568,14
196,165,3
196,196,-154
196,197,54
196,201,66
196,221,2
196,253,3
196,301,3
196,320,5
196,400,11
196,425,4
196,568,3
197,197,-54
197,198,12
197,202,28
197,253,2
197,400,10
197,425,1
197,568,1
198,198,-12
198,199,2
198,203,5
198,253,2
198,400,1
198,568,2
199,199,-2
199,400,2
200,165,1
200,200,-185
200,201,73
200,207,66
200,221,4
200,253,7
200,301,3
200,320,1
200,400,17
200,425,3
200,479,1
200,568,9
201,201,-139
201,202,67
201,208,44
201,253,3
201,301,1
201,320,2
201,400,10
201,425,3
201,568,9
202,202,-95
202,203,18
202,209,35
202,253,6
202,301,3
202,320,1
202,400,25
202,425,1
202,479,1
202,568,5
203,203,-23
203,204,4
203,210,11
203,221,2
203,400,6
204,204,-4
204,205,3
204,253,1
205,205,-3
205,206,1
205,212,1
205,253,1
206,206,-1
206,213,1
207,207,-66
207,208,38
207,214,12
207,253,4
207,301,1
207,320,1
207,400,7
207,568,3
208,165,1
208,208,-82
208,209,33
208,215,24
208,253,5
208,301,1
208,320,1
208,400,8
208,425,3
208,568,6
209,165,2
209,209,-68
209,210,18
209,216,17
209,253,2
209,274,1
209,301,2
209,320,1
209,400,18
209,425,2
209,568,5
210,165,1
210,210,-29
210,211,6
210,217,9
210,221,1
210,253,2
210,400,8
210,425,2
211,165,1
211,211,-6
211,212,2
211,218,2
211,400,1
212,212,-3
212,400,2
212,568,1
213,213,-1
213,400,1
214,214,-12
214,215,8
214,253,4
215,165,1
215,215,-32
215,216,14
215,253,14
215,400,3
216,216,-31
216,217,10
216,221,2
216,253,9
216,274,1
216,301,2
216,400,4
216,425,1
216,568,2
217,217,-19
217,218,5
217,253,7
217,301,1
217,400,3
217,425,1
217,568,2
218,218,-7
218,219,5
218,320,1
218,400,1
219,219,-5
219,220,1
219,221,1
219,253,1
219,301,1
219,400,1
220,220,-1
220,425,1
221,221,-123
221,222,123
222,165,1
222,221,2
222,222,-179
222,223,81
222,227,79
222,274,2
222,301,1
222,425,6
222,479,7
223,165,1
223,221,1
223,223,-81
223,224,34
223,228,38
223,425,3
223,479,4
224,221,1
224,224,-34
224,225,7
224,229,13
224,253,2
224,301,1
224,425,8
224,479,2
225,225,-7
225,226,1
225,230,3
225,301,1
225,425,2
226,226,-1
226,231,1
227,194,1
227,227,-79
227,228,27
227,232,40
227,253,1
227,301,2
227,425,3
227,479,5
228,194,2
228,228,-65
228,229,27
228,233,30
228,301,1
228,425,3
228,479,2
229,194,1
229,221,1
229,229,-40
229,230,8
229,234,19
229,301,2
229,425,6
229,479,3
230,230,-11
230,231,1
230,235,2
230,425,6
230,479,2
231,231,-2
231,425,2
232,165,1
232,194,2
232,221,1
232,232,-40
232,233,16
232,242,17
232,425,1
232,479,2
233,165,1
233,233,-46
233,234,17
233,243,25
233,425,1
233,479,2
234,165,2
234,194,2
234,234,-36
234,235,6
234,244,14
234,301,2
234,425,9
234,479,1
235,235,-8
235,236,1
235,245,4
235,301,1
235,479,2
236,236,-1
236,237,1
237,237,-1
237,238,1
238,238,-1
238,239,1
239,239,-1
239,240,1
240,240,-1
240,241,1
241,241,-1
241,251,1
242,242,-17
242,243,2
242,253,14
242,425,1
243,194,1
243,243,-27
243,244,11
243,253,10
243,425,3
243,479,2
244,194,2
244,244,-25
244,245,5
244,253,8
244,425,9
244,568,1
245,194,1
245,245,-9
245,246,4
245,253,2
245,425,2
246,246,-4
246,247,3
246,425,1
247,247,-3
247,248,2
247,425,1
248,248,-2
248,249,1
248,479,1
249,249,-1
249,250,1
250,250,-1
250,251,1
251,251,-2
251,252,1
251,425,1
252,252,-1
252,479,1
253,253,-173
253,254,173
254,221,1
254,254,-188
254,255,81
254,258,93
254,301,1
254,320,2
254,450,4
254,498,3
254,521,1
254,572,2
255,165,2
255,253,1
255,255,-81
255,256,31
255,259,33
255,320,1
255,345,3
255,400,1
255,450,3
255,498,2
255,521,3
255,572,1
256,256,-31
256,257,3
256,260,13
256,274,1
256,301,1
256,450,11
256,521,1
256,572,1
257,253,1
257,257,-3
257,450,2
258,253,3
258,258,-93
258,259,34
258,263,37
258,274,1
258,320,1
258,345,1
258,400,1
258,450,8
258,498,2
258,521,3
258,570,1
258,572,1
259,221,1
259,259,-67
259,260,25
259,264,27
259,345,3
259,450,4
259,498,2
259,521,1
259,572,4
260,260,-38
260,261,6
260,265,15
260,450,9
260,498,2
260,521,4
260,570,1
260,572,1
261,261,-6
261,262,1
261,266,2
261,450,3
262,262,-1
262,450,1
263,253,2
263,263,-37
263,264,13
263,268,15
263,301,2
263,320,1
263,345,1
263,450,1
263,498,1
263,572,1
264,165,1
264,221,1
264,253,1
264,264,-40
264,265,9
264,269,12
264,301,1
264,345,1
264,450,6
264,498,3
264,570,2
264,572,3
265,253,1
265,265,-24
265,266,3
265,270,10
265,345,1
265,450,7
265,521,1
265,570,1
266,266,-5
266,267,1
266,345,1
266,450,1
266,479,1
266,498,1
267,267,-1
267,450,1
268,268,-15
268,269,7
268,345,8
269,269,-19
269,270,12
269,301,1
269,345,6
270,270,-22
270,271,7
270,320,1
270,345,5
270,450,2
270,498,3
270,521,1
270,570,3
271,271,-7
271,272,2
271,345,1
271,450,3
271,572,1
272,272,-2
272,273,1
272,570,1
273,273,-1
273,498,1
274,274,-39
274,275,39
275,194,1
275,275,-54
275,276,29
275,283,19
275,301,1
275,365,3
275,479,1
276,194,2
276,276,-29
276,277,7
276,284,14
276,365,2
276,479,3
276,568,1
277,277,-7
277,278,3
277,285,4
278,278,-3
278,279,2
278,286,1
279,279,-2
279,280,1
279,365,1
280,280,-1
280,281,1
281,281,-1
281,282,1
282,282,-1
282,288,1
283,194,1
283,283,-19
283,284,6
283,290,10
283,365,2
284,284,-20
284,285,9
284,291,7
284,301,1
284,365,1
284,479,2
285,194,2
285,285,-13
285,286,1
285,292,5
285,479,5
286,286,-2
286,287,2
287,287,-2
287,294,1
287,365,1
288,288,-1
288,289,1
289,289,-1
289,365,1
290,194,2
290,290,-10
290,291,3
290,296,5
291,291,-10
291,292,3
291,297,5
291,365,2
292,292,-8
292,293,6
292,298,1
292,479,1
293,165,1
293,293,-6
293,294,1
293,299,2
293,479,2
294,294,-2
294,295,1
294,479,1
295,295,-1
295,479,1
296,296,-5
296,297,2
296,301,2
296,365,1
297,297,-7
297,298,1
297,301,5
297,400,1
298,298,-2
298,301,1
298,479,1
299,194,1
299,299,-2
299,300,1
300,300,-1
300,301,1
301,301,-65
301,302,65
302,165,1
302,253,1
302,302,-75
302,303,27
302,305,40
302,345,1
302,400,2
302,450,1
302,479,1
302,498,1
303,253,2
303,303,-27
303,304,7
303,306,13
303,400,2
303,425,2
303,450,1
304,304,-7
304,307,3
304,400,1
304,498,3
305,221,1
305,253,3
305,305,-40
305,306,15
305,310,14
305,320,1
305,365,1
305,400,3
305,498,1
305,576,1
306,253,1
306,301,1
306,306,-28
306,307,10
306,311,13
306,400,1
306,425,1
306,450,1
307,307,-13
307,308,2
307,312,6
307,400,1
307,498,4
308,165,1
308,308,-2
308,309,1
309,309,-1
309,498,1
310,310,-14
310,311,7
310,315,4
310,400,1
310,576,2
311,253,2
311,301,2
311,311,-20
311,312,7
311,316,7
311,400,1
311,576,1
312,301,1
312,312,-13
312,313,3
312,317,3
312,400,2
312,425,1
312,498,3
313,313,-3
313,314,1
313,318,1
313,400,1
314,314,-1
314,319,1
315,315,-4
315,316,1
315,345,3
316,253,1
316,316,-8
316,317,5
316,425,1
316,498,1
317,253,3
317,317,-8
317,318,2
317,345,1
317,498,2
318,318,-3
318,400,1
318,498,1
318,576,1
319,319,-1
319,345,1
320,320,-39
320,321,39
321,321,-63
321,322,30
321,327,28
321,425,1
321,479,2
321,521,2
322,194,1
322,301,1
322,322,-30
322,323,13
322,328,12
322,425,2
322,521,1
323,323,-13
323,324,3
323,329,7
323,479,1
323,521,2
324,324,-3
324,325,1
324,330,2
325,325,-1
325,326,1
326,326,-1
326,331,1
327,194,2
327,327,-28
327,328,10
327,333,15
327,450,1
328,328,-22
328,329,11
328,334,8
328,479,3
329,194,1
329,221,1
329,329,-18
329,330,7
329,335,6
329,521,3
330,330,-9
330,336,3
330,479,1
330,521,5
331,331,-1
331,332,1
332,320,1
332,332,-1
333,301,1
333,333,-15
333,334,3
333,339,10
333,425,1
334,221,1
334,334,-11
334,335,5
334,340,3
334,479,1
334,498,1
335,335,-11
335,336,4
335,341,3
335,365,1
335,521,3
336,336,-7
336,337,2
336,342,5
337,337,-2
337,338,1
337,343,1
338,338,-1
338,479,1
339,339,-10
339,345,10
340,340,-3
340,345,1
340,479,2
341,341,-3
341,342,3
342,342,-8
342,343,2
342,345,5
342,521,1
343,343,-3
343,344,1
343,521,2
344,344,-1
344,479,1
345,345,-68
345,346,68
346,165,1
346,253,3
346,320,1
346,345,1
346,346,-69
346,347,25
346,352,34
346,498,2
346,544,1
346,580,1
347,347,-25
347,348,13
347,353,12
348,348,-13
348,349,6
348,354,5
348,544,2
349,349,-6
349,350,1
349,355,2
349,544,3
350,350,-1
350,351,1
351,351,-1
351,544,1
352,253,1
352,345,2
352,352,-34
352,353,21
352,356,7
352,544,2
352,574,1
353,165,1
353,320,1
353,345,2
353,353,-33
353,354,11
353,357,12
353,450,2
353,544,2
353,580,2
354,253,1
354,345,1
354,354,-16
354,355,5
354,358,6
354,544,3
355,355,-7
355,359,2
355,450,1
355,498,1
355,521,1
355,544,1
355,580,1
356,356,-7
356,357,7
357,345,2
357,357,-19
357,358,6
357,361,7
357,450,1
357,544,2
357,580,1
358,253,1
358,301,1
358,358,-12
358,359,3
358,362,2
358,450,1
358,498,2
358,521,1
358,544,1
359,359,-5
359,360,1
359,363,2
359,521,1
359,580,1
360,360,-1
360,498,1
361,253,1
361,345,2
361,361,-7
361,362,3
361,578,1
362,165,1
362,345,2
362,362,-5
362,363,1
362,544,1
363,345,1
363,363,-3
363,364,1
363,544,1
364,364,-1
364,450,1
365,365,-721
365,366,721
366,365,8
366,366,-861
366,367,378
366,371,393
366,400,25
366,425,7
366,479,1
366,568,49
367,365,2
367,367,-378
367,368,131
367,372,178
367,400,17
367,425,4
367,568,46
368,365,1
368,368,-131
368,369,22
368,373,68
368,400,5
368,568,35
369,365,1
369,369,-22
369,370,6
369,374,9
369,568,6
370,370,-6
370,375,4
370,400,1
370,568,1
371,365,8
371,371,-393
371,372,175
371,380,145
371,400,16
371,425,2
371,568,47
372,365,2
372,372,-353
372,373,141
372,381,141
372,400,12
372,425,7
372,568,50
373,373,-209
373,374,42
373,382,84
373,400,15
373,425,3
373,568,65
374,365,1
374,374,-51
374,375,9
374,383,21
374,568,20
375,375,-13
375,376,3
375,384,6
375,400,1
375,568,3
376,376,-3
376,377,1
376,385,2
377,377,-1
377,378,1
378,378,-1
378,379,1
379,379,-1
379,568,1
380,365,3
380,380,-145
380,381,55
380,388,62
380,400,5
380,425,2
380,568,18
381,365,2
381,381,-196
381,382,84
381,389,58
381,400,7
381,425,8
381,568,37
382,365,1
382,382,-168
382,383,41
382,390,64
382,400,6
382,425,3
382,568,53
383,383,-62
383,384,21
383,391,16
383,400,3
383,425,3
383,568,19
384,384,-27
384,385,2
384,392,12
384,400,3
384,425,2
384,568,8
385,385,-4
385,386,1
385,393,3
386,386,-1
386,387,1
387,387,-1
387,568,1
388,365,1
388,388,-62
388,389,32
388,400,27
388,568,2
389,365,1
389,389,-90
389,390,35
389,400,39
389,425,1
389,568,14
390,365,2
390,390,-99
390,391,27
390,400,33
390,425,4
390,568,33
391,365,1
391,391,-43
391,392,13
391,400,15
391,568,14
392,392,-25
392,393,10
392,400,9
392,568,6
393,393,-13
393,394,3
393,400,4
393,425,1
393,568,5
394,394,-3
394,395,2
394,400,1
395,395,-2
395,396,1
395,568,1
396,396,-1
396,397,1
397,397,-1
397,398,1
398,398,-1
398,399,1
399,399,-1
399,568,1
400,400,-419
400,401,419
401,365,4
401,401,-425
401,402,180
401,406,180
401,425,3
401,450,13
401,479,1
401,498,2
401,521,3
401,570,38
401,572,1
402,365,1
402,400,1
402,402,-180
402,403,62
402,407,81
402,450,6
402,498,3
402,521,1
402,569,2
402,570,23
403,403,-62
403,404,8
403,408,30
403,425,1
403,450,1
403,498,2
403,569,1
403,570,19
404,365,1
404,404,-8
404,405,1
404,409,4
404,450,1
404,569,1
405,405,-1
405,410,1
406,365,1
406,406,-180
406,407,81
406,412,70
406,450,3
406,498,2
406,521,1
406,569,2
406,570,20
407,365,2
407,407,-162
407,408,56
407,413,69
407,425,1
407,450,3
407,498,2
407,521,1
407,569,2
407,570,26
408,408,-86
408,409,19
408,414,32
408,425,1
408,450,1
408,521,1
408,570,32
409,409,-23
409,410,9
409,415,8
409,570,6
410,410,-10
410,411,1
410,416,5
410,450,1
410,570,3
411,411,-1
411,570,1
412,412,-70
412,413,32
412,418,24
412,450,4
412,498,1
412,521,2
412,569,1
412,570,6
413,365,1
413,400,1
413,413,-101
413,414,37
413,419,31
413,425,1
413,450,2
413,498,6
413,521,1
413,569,1
413,570,19
413,572,1
414,365,1
414,414,-69
414,415,9
414,420,19
414,425,2
414,450,3
414,498,1
414,521,2
414,569,1
414,570,31
415,415,-17
415,416,5
415,421,5
415,570,7
416,416,-10
416,417,1
416,422,1
416,425,1
416,450,1
416,569,1
416,570,5
417,417,-1
417,423,1
418,418,-24
418,419,12
418,450,10
418,498,2
419,365,2
419,419,-43
419,420,17
419,425,1
419,450,19
419,498,1
419,570,3
420,365,1
420,420,-36
420,421,10
420,450,13
420,570,12
421,421,-15
421,422,2
421,450,2
421,479,1
421,498,2
421,570,8
422,422,-3
422,423,1
422,450,2
423,423,-2
423,424,1
423,570,1
424,424,-1
424,570,1
425,425,-170
425,426,170
426,365,1
426,400,3
426,425,3
426,426,-239
426,427,82
426,430,131
426,498,1
426,572,18
427,365,1
427,400,2
427,425,1
427,427,-82
427,428,26
427,431,38
427,498,1
427,570,1
427,572,12
428,428,-26
428,429,3
428,432,17
428,568,1
428,572,5
429,429,-3
429,433,2
429,572,1
430,400,1
430,425,2
430,430,-131
430,431,64
430,437,59
430,570,1
430,572,4
431,400,7
431,425,2
431,431,-102
431,432,32
431,438,48
431,450,1
431,572,12
432,400,3
432,425,1
432,432,-49
432,433,6
432,439,24
432,568,2
432,572,13
433,425,1
433,433,-8
433,434,2
433,440,4
433,572,1
434,434,-2
434,435,2
435,435,-2
435,436,2
436,436,-2
436,442,1
436,572,1
437,400,1
437,425,1
437,437,-59
437,438,25
437,443,25
437,570,1
437,572,6
438,365,1
438,400,1
438,438,-73
438,439,31
438,444,26
438,570,2
438,572,12
439,400,3
439,425,2
439,439,-55
439,440,15
439,445,17
439,498,2
439,572,16
440,365,1
440,425,2
440,440,-19
440,441,4
440,446,6
440,568,1
440,572,5
441,425,1
441,441,-4
441,447,2
441,572,1
442,442,-1
442,449,1
443,443,-25
443,444,8
443,450,16
443,572,1
444,365,2
444,400,2
444,444,-34
444,445,10
444,450,13
444,498,1
444,568,1
444,569,1
444,572,4
445,400,3
445,425,1
445,445,-27
445,446,3
445,450,10
445,570,1
445,572,9
446,446,-9
446,447,2
446,450,2
446,498,1
446,572,4
447,447,-4
447,448,2
447,450,1
447,572,1
448,448,-2
448,450,1
448,572,1
449,449,-1
449,572,1
450,450,-207
450,451,207
451,365,3
451,425,4
451,450,2
451,451,-218
451,452,101
451,457,83
451,498,2
451,521,1
451,574,18
451,578,4
452,365,1
452,452,-101
452,453,43
452,458,46
452,571,1
452,574,10
453,450,1
453,453,-43
453,454,9
453,459,22
453,571,1
453,574,10
454,454,-9
454,455,2
454,460,4
454,498,1
454,574,2
455,455,-2
455,456,1
455,461,1
456,456,-1
456,462,1
457,425,2
457,450,2
457,457,-83
457,458,40
457,464,29
457,479,1
457,498,1
457,571,1
457,574,5
457,578,2
458,365,2
458,425,2
458,450,1
458,458,-86
458,459,31
458,465,33
458,574,13
458,578,4
459,450,1
459,459,-53
459,460,15
459,466,21
459,498,1
459,544,1
459,574,14
460,460,-19
460,461,5
460,467,9
460,544,2
460,574,3
461,450,1
461,461,-6
461,468,4
461,574,1
462,462,-1
462,463,1
463,463,-1
463,470,1
464,365,1
464,450,1
464,464,-29
464,465,12
464,471,8
464,498,1
464,574,6
465,425,1
465,450,1
465,465,-45
465,466,19
465,472,16
465,498,2
465,574,4
465,578,2
466,365,1
466,450,2
466,466,-40
466,467,10
466,473,11
466,498,1
466,544,2
466,570,1
466,574,10
466,578,2
467,365,1
467,467,-19
467,468,7
467,474,4
467,544,1
467,574,6
468,468,-11
468,469,4
468,475,4
468,574,2
468,578,1
469,469,-4
469,574,3
469,578,1
470,470,-1
470,477,1
471,471,-8
471,472,3
471,544,5
472,425,1
472,450,1
472,472,-19
472,473,7
472,544,7
472,574,3
473,473,-18
473,474,6
473,544,4
473,574,8
474,425,1
474,474,-10
474,475,3
474,544,1
474,574,5
475,475,-7
475,476,2
475,544,3
475,574,2
476,476,-2
476,477,1
476,574,1
477,477,-2
477,478,1
477,574,1
478,478,-1
478,498,1
479,479,-68
479,480,68
480,365,1
480,400,1
480,425,2
480,480,-95
480,481,36
480,483,49
480,576,6
481,400,3
481,481,-36
481,482,6
481,484,23
481,576,4
482,482,-6
482,485,4
482,576,2
483,365,1
483,400,2
483,425,1
483,483,-49
483,484,20
483,487,20
483,498,2
483,576,3
484,400,4
484,484,-43
484,485,14
484,488,20
484,498,1
484,576,4
485,400,3
485,485,-18
485,486,4
485,489,8
485,498,1
485,576,2
486,486,-4
486,490,2
486,576,2
487,487,-20
487,488,10
487,492,10
488,400,2
488,425,1
488,488,-30
488,489,14
488,493,11
488,576,2
489,425,1
489,489,-22
489,490,3
489,494,10
489,576,8
490,490,-5
490,491,2
490,495,2
490,576,1
491,491,-2
491,496,2
492,492,-10
492,493,4
492,498,6
493,365,1
493,400,1
493,493,-15
493,494,6
493,498,7
494,425,1
494,494,-16
494,495,4
494,498,6
494,576,5
495,495,-6
495,496,3
495,498,1
495,576,2
496,496,-5
496,497,1
496,498,1
496,576,3
497,497,-1
497,498,1
498,498,-105
498,499,105
499,365,1
499,450,1
499,479,1
499,498,2
499,499,-114
499,500,46
499,503,50
499,521,2
499,578,11
500,365,1
500,450,3
500,498,1
500,500,-46
500,501,19
500,504,15
500,544,1
500,578,6
501,501,-19
501,502,4
501,505,11
501,571,1
501,578,3
502,502,-4
502,506,4
503,365,2
503,498,1
503,503,-50
503,504,24
503,508,15
503,578,8
504,425,1
504,450,1
504,504,-39
504,505,14
504,509,16
504,578,7
505,505,-25
505,506,4
505,510,15
505,578,6
506,506,-8
506,507,2
506,511,2
506,578,4
507,425,1
507,507,-2
507,578,1
508,508,-15
508,509,8
508,513,4
508,578,3
509,365,1
509,450,1
509,498,1
509,509,-24
509,510,12
509,514,6
509,578,3
510,450,1
510,510,-27
510,511,7
510,515,7
510,578,12
511,450,1
511,498,1
511,511,-9
511,512,1
511,516,2
511,578,4
512,512,-1
512,578,1
513,365,1
513,513,-4
513,514,2
513,544,1
514,514,-8
514,515,5
514,544,3
515,515,-12
515,516,5
515,544,2
515,578,5
516,516,-7
516,517,2
516,544,3
516,578,2
517,517,-2
517,518,1
517,578,1
518,518,-1
518,519,1
519,519,-1
519,520,1
520,520,-1
520,578,1
521,521,-43
521,522,43
522,365,1
522,498,1
522,522,-64
522,523,28
522,526,31
522,580,3
523,400,2
523,523,-28
523,524,12
523,527,11
523,580,3
524,524,-12
524,525,1
524,528,10
524,580,1
525,525,-1
525,529,1
526,498,1
526,526,-31
526,527,11
526,532,14
526,580,5
527,527,-22
527,528,11
527,533,7
527,580,4
528,528,-21
528,529,5
528,534,11
528,580,5
529,529,-6
529,530,2
529,535,3
529,580,1
530,530,-2
530,531,1
530,580,1
531,531,-1
531,537,1
532,532,-14
532,533,6
532,538,8
533,400,1
533,533,-13
533,534,4
533,539,7
533,580,1
534,534,-15
534,535,5
534,540,5
534,580,5
535,535,-8
535,536,1
535,541,5
535,580,2
536,536,-1
536,580,1
537,537,-1
537,580,1
538,538,-8
538,539,1
538,544,7
539,539,-8
539,540,1
539,544,4
539,580,3
540,540,-6
540,541,3
540,544,2
540,580,1
541,541,-8
541,542,2
541,544,2
541,580,4
542,542,-2
542,543,1
542,544,1
543,543,-1
543,580,1
544,544,-77
544,545,77
545,425,1
545,545,-75
545,546,41
545,550,26
545,582,7
546,479,1
546,544,1
546,546,-41
546,547,15
546,551,17
546,582,7
547,547,-15
547,548,5
547,552,4
547,582,6
548,548,-5
548,549,1
548,553,2
548,582,2
549,549,-1
549,554,1
550,365,1
550,550,-26
550,551,10
550,556,7
550,574,1
550,582,7
551,544,1
551,551,-27
551,552,16
551,557,9
551,582,1
552,365,1
552,450,1
552,552,-20
552,553,7
552,558,7
552,582,4
553,553,-9
553,554,3
553,559,1
553,582,5
554,554,-4
554,555,1
554,560,2
554,582,1
555,555,-1
555,561,1
556,479,1
556,556,-7
556,557,3
556,562,3
557,450,1
557,557,-12
557,558,5
557,563,4
557,582,2
558,558,-12
558,559,5
558,564,1
558,582,6
559,559,-6
559,560,1
559,565,2
559,574,1
559,582,2
560,560,-3
560,566,1
560,582,2
561,561,-1
561,567,1
562,544,2
562,562,-3
562,563,1
563,365,1
563,563,-5
563,564,3
563,582,1
564,425,1
564,544,1
564,564,-4
564,565,2
565,498,1
565,565,-4
565,566,2
565,582,1
566,566,-3
566,582,3
567,544,1
567,567,-1
568,568,-541
568,569,541
570,570,-239
570,571,239
572,572,-124
572,573,124
574,574,-112
574,575,112
576,576,-43
576,577,43
578,578,-80
578,579,80
580,580,-44
580,581,44
582,582,-50
582,583,50
