588,0,0
0,0,0
256,17,0
257,5,0
258,1,0
259,0,0
260,0,0
261,0,0
262,0,0
263,0,0
320,14,0
321,5,0
322,2,0
323,4,0
324,0,0
325,0,0
326,0,0
327,0,0
384,8,0
385,3,0
386,2,0
387,2,0
388,0,0
389,0,0
390,0,0
448,0,0
449,1,0
450,4,0
451,4,0
452,2,0
453,0,0
454,0,0
455,0,0
512,0,0
768,2,0
769,2,0
770,0,0
771,0,0
832,6,0
833,9,0
834,1,0
835,0,0
836,0,0
837,0,0
896,0,0
897,7,0
898,0,0
899,0,0
900,0,0
901,0,0
902,0,0
903,0,0
904,0,0
905,2,0
960,0,0
961,4,0
962,5,0
963,1,0
964,0,0
965,0,0
966,0,0
1024,0,0
1280,5,0
1281,2,0
1282,0,0
1283,0,0
1284,0,0
1344,3,0
1345,3,0
1346,0,0
1347,0,0
1348,0,0
1408,1,0
1409,0,0
1410,1,0
1411,0,0
1412,0,0
1472,0,0
1473,0,0
1474,0,0
1475,1,0
1476,0,0
1477,0,0
1536,0,0
1792,1,0
1793,1,0
1794,4,0
1795,0,0
1796,0,0
1856,3,0
1857,4,0
1858,1,0
1859,0,0
1860,0,0
1861,0,0
1862,0,0
1920,3,0
1921,1,0
1922,2,0
1923,0,0
1924,0,0
1984,0,0
1985,0,0
1986,0,0
1987,0,0
2048,0,0
2304,1,0
2305,1,0
2306,0,0
2307,0,0
2308,0,0
2368,0,0
2369,1,0
2370,0,0
2371,0,0
2372,1,0
2373,0,0
2433,1,0
2434,0,0
2437,0,0
2560,0,0
2816,5,0
2817,5,0
2818,1,0
2880,4,0
2881,2,0
2882,0,0
2883,0,0
2884,1,0
2944,1,0
2945,0,0
2946,0,0
2947,0,0
2948,1,0
3008,1,0
3009,0,0
3010,2,0
3011,1,0
3012,1,0
3072,0,0
3328,3,0
3329,0,0
3330,0,0
3331,0,0
3392,0,0
3393,0,0
3394,2,0
3395,2,0
3456,2,0
3457,3,0
3458,1,0
3521,1,0
3522,0,0
3523,0,0
3584,0,0
3840,2,0
3841,6,0
3842,0,0
3904,2,0
3905,2,0
3906,0,0
3907,0,0
3968,0,0
3969,3,0
3970,1,0
4033,0,0
4034,1,0
4096,0,0
4352,0,0
4353,5,0
4354,2,0
4355,0,0
4356,0,0
4357,0,0
4358,0,0
4416,8,0
4417,4,0
4418,1,0
4419,0,0
4420,0,0
4421,0,0
4480,4,0
4481,3,0
4482,3,0
4483,2,0
4484,1,0
4485,1,0
4486,1,0
4544,0,0
4545,3,0
4546,2,0
4547,1,0
4548,1,0
4549,0,0
4550,0,0
4551,0,0
4608,0,0
4864,11,0
4865,8,0
4866,0,0
4867,0,0
4868,0,0
4928,6,0
4929,0,0
4930,0,0
4931,2,0
4932,0,0
4933,0,0
4934,0,0
4992,0,0
4993,2,0
4994,5,0
4995,3,0
4996,2,0
4997,0,0
4998,0,0
4999,0,0
5000,0,0
5001,0,0
5056,0,0
5057,2,0
5058,3,0
5059,0,0
5060,0,0
5061,1,0
5062,0,0
5120,0,0
5376,6,0
5377,3,0
5378,1,0
5379,0,0
5380,0,0
5440,1,0
5441,2,0
5442,2,0
5443,0,0
5444,0,0
5504,5,0
5505,2,0
5506,6,0
5507,0,0
5508,0,0
5509,0,0
5510,0,0
5511,0,0
5512,0,0
5513,0,0
5568,0,0
5569,1,0
5570,2,0
5571,1,0
5572,0,0
5573,0,0
5574,0,0
5575,0,0
5576,0,0
5577,0,0
5578,0,0
5632,0,0
5888,5,0
5889,9,0
5890,3,0
5891,1,0
5952,7,0
5953,2,0
5954,0,0
5955,0,0
5956,0,0
6016,5,0
6017,7,0
6018,1,0
6019,1,0
6020,0,0
6080,0,0
6081,1,0
6082,1,0
6083,0,0
6084,0,0
6085,0,0
6144,0,0
6400,4,0
6401,5,0
6402,0,0
6403,0,0
6404,1,0
6405,0,0
6406,0,0
6407,0,0
6464,4,0
6465,1,0
6466,2,0
6467,0,0
6468,1,0
6471,0,0
6472,1,0
6528,2,0
6529,2,0
6530,0,0
6531,2,0
6532,0,0
6533,0,0
6592,1,0
6593,0,0
6594,0,0
6595,1,0
6596,0,0
6656,0,0
6912,7,0
6913,6,0
6914,1,0
6976,11,0
6977,4,0
6978,1,0
6979,3,0
6980,0,0
7040,1,0
7041,5,0
7042,4,0
7043,1,0
7044,0,0
7104,0,0
7105,2,0
7106,3,0
7107,1,0
7108,0,0
7168,0,0
7424,3,0
7425,5,0
7426,1,0
7427,0,0
7428,0,0
7429,0,0
7488,4,0
7489,3,0
7490,4,0
7491,1,0
7493,0,0
7494,1,0
7552,2,0
7553,3,0
7554,2,0
7555,0,0
7556,0,0
7557,1,0
7616,0,0
7617,2,0
7618,0,0
7619,0,0
7620,0,0
7621,1,0
7680,0,0
7936,15,0
7937,0,0
7938,0,0
7939,0,0
7940,0,0
7941,0,0
8000,4,0
8001,10,0
8002,3,0
8003,3,0
8064,0,0
8065,4,0
8066,8,0
8067,1,0
8068,1,0
8129,4,0
8130,6,0
8131,1,0
8132,1,0
8192,0,0
8448,8,0
8449,2,0
8450,1,0
8451,1,0
8452,0,0
8512,8,0
8513,2,0
8514,0,0
8515,1,0
8516,0,0
8517,0,0
8518,0,0
8519,0,0
8520,0,0
8576,3,0
8577,2,0
8578,1,0
8579,0,0
8580,0,0
8581,0,0
8582,0,0
8583,0,0
8640,1,0
8641,1,0
8642,2,0
8643,1,0
8644,0,0
8645,0,0
8646,0,0
8647,0,0
8648,0,0
8649,0,0
8650,0,0
8651,0,0
8704,0,0
8960,12,0
8961,3,0
8962,1,0
8963,2,0
8964,0,0
9024,2,0
9025,5,0
9026,1,0
9027,0,0
9028,0,0
9029,0,0
9088,0,0
9089,4,0
9090,4,0
9091,0,0
9092,1,0
9093,0,0
9152,0,0
9153,5,0
9154,2,0
9155,1,0
9156,0,0
9157,0,0
9158,0,0
9216,0,0
9472,8,0
9473,5,0
9474,1,0
9475,0,0
9536,3,0
9537,9,0
9538,6,0
9539,1,0
9540,0,0
9541,0,0
9542,0,0
9600,2,0
9601,3,0
9602,5,0
9603,5,0
9604,1,0
9606,0,0
9664,0,0
9665,7,0
9666,4,0
9667,0,0
9668,0,0
9669,0,0
9670,0,0
9728,0,0
9984,22,0
9985,3,0
9986,1,0
9987,1,0
9988,0,0
9989,0,0
10048,9,0
10049,11,0
10050,2,0
10051,0,0
10052,1,0
10053,0,0
10054,0,0
10112,5,0
10113,5,0
10114,7,0
10115,3,0
10116,0,0
10117,0,0
10118,0,0
10176,0,0
10177,3,0
10178,0,0
10179,2,0
10180,0,0
10181,0,0
10182,0,0
10183,1,0
10240,0,0
10496,5,0
10497,3,0
10498,0,0
10560,5,0
10561,4,0
10562,3,0
10563,0,0
10624,0,0
10625,3,0
10626,1,0
10627,0,0
10628,0,0
10688,0,0
10689,3,0
10690,1,0
10691,0,0
10692,0,0
10693,0,0
10752,0,0
11008,10,0
11009,7,0
11010,0,0
11011,0,0
11072,8,0
11073,3,0
11074,0,0
11075,0,0
11076,2,0
11136,0,0
11137,5,0
11138,2,0
11139,2,0
11140,0,0
11200,3,0
11201,0,0
11202,0,0
11203,0,0
11204,0,0
11205,0,0
11206,0,0
11207,0,0
11264,0,0
11520,4,0
11521,4,0
11522,0,0
11523,0,0
11584,1,0
11585,0,0
11586,0,0
11587,0,0
11588,0,0
11589,0,0
11648,0,0
11649,2,0
11650,0,0
11651,0,0
11652,0,0
11653,0,0
11712,0,0
11713,0,0
11714,0,0
11715,0,0
11716,0,0
11717,0,0
11776,0,0
12032,3,0
12033,4,0
12034,0,0
12035,1,0
12036,0,0
12096,5,0
12097,1,0
12098,6,0
12099,0,0
12100,0,0
12101,0,0
12160,3,0
12161,2,0
12162,1,0
12163,1,0
12164,0,0
12165,0,0
12224,2,0
12225,4,0
12226,4,0
12227,2,0
12228,0,0
12229,1,0
12288,0,0
12544,0,0
12800,0,0
13056,0,0
13312,0,0
13568,0,0
13824,0,0
14080,0,0
14336,0,0
14592,0,0
14848,0,0
15104,0,0
15360,0,0
15616,0,0
15872,0,0
16128,0,0
0,0,-76
0,1,76
1,0,17
1,1,-1532
1,2,704
1,9,639
1,32,37
1,60,6
1,104,2
1,166,127
2,0,5
2,2,-704
2,3,246
2,10,313
2,32,29
2,60,10
2,104,2
2,166,99
3,0,1
3,1,1
3,3,-246
3,4,35
3,11,118
3,32,17
3,60,3
3,166,71
4,4,-35
4,5,8
4,12,14
4,32,6
4,166,7
5,5,-8
5,6,3
5,13,2
5,166,3
6,6,-3
6,7,1
6,32,1
6,166,1
7,7,-1
7,8,1
8,8,-1
8,166,1
9,0,14
9,9,-639
9,10,285
9,17,216
9,32,36
9,60,8
9,104,1
9,166,79
10,0,5
10,10,-598
10,11,237
10,18,219
10,32,25
10,60,15
10,104,1
10,166,96
11,0,2
11,11,-355
11,12,68
11,19,139
11,32,28
11,60,3
11,166,115
12,0,4
12,12,-82
12,13,22
12,20,23
12,32,3
12,60,2
12,166,28
13,13,-24
13,14,9
13,21,7
13,32,1
13,166,7
14,14,-9
14,15,3
14,22,2
14,32,1
14,166,3
15,15,-3
15,16,1
15,166,2
16,16,-1
16,166,1
17,0,8
17,17,-216
17,18,106
17,24,59
17,32,11
17,60,4
17,104,2
17,166,26
18,0,3
18,18,-325
18,19,129
18,25,106
18,32,19
18,60,4
18,166,64
19,0,2
19,19,-268
19,20,56
19,26,75
19,32,26
19,60,6
19,166,103
20,0,2
20,20,-79
20,21,23
20,27,23
20,32,6
20,60,2
20,166,23
21,21,-30
21,22,6
21,28,9
21,32,1
21,60,1
21,166,13
22,22,-8
22,23,3
22,29,3
22,32,1
22,166,1
23,23,-3
23,60,1
23,166,2
24,24,-59
24,25,40
24,32,18
24,166,1
25,0,1
25,25,-146
25,26,58
25,32,56
25,60,1
25,166,30
26,0,4
26,26,-133
26,27,35
26,32,35
26,166,59
27,0,4
27,27,-58
27,28,22
27,32,17
27,60,1
27,166,14
28,0,2
28,28,-31
28,29,10
28,32,8
28,166,11
29,29,-13
29,30,3
29,32,4
29,166,6
30,30,-3
30,31,1
30,166,2
31,31,-1
31,32,1
32,32,-357
32,33,357
33,0,1
33,33,-389
33,34,164
33,37,160
33,82,11
33,119,2
33,138,2
33,195,22
33,225,14
33,369,13
34,0,1
34,34,-164
34,35,63
34,38,62
34,61,5
34,82,4
34,119,3
34,138,3
34,167,1
34,195,13
34,225,7
34,369,2
35,35,-63
35,36,11
35,39,30
35,82,1
35,119,3
35,195,11
35,225,2
35,369,5
36,36,-11
36,40,8
36,195,3
37,0,2
37,37,-160
37,38,63
37,43,49
37,60,2
37,61,2
37,82,13
37,119,2
37,138,1
37,195,16
37,225,5
37,369,5
38,0,4
38,38,-125
38,39,34
38,44,57
38,61,3
38,82,5
38,104,1
38,105,1
38,119,2
38,138,3
38,167,1
38,195,9
38,369,5
39,39,-64
39,40,19
39,45,16
39,60,1
39,61,3
39,82,4
39,119,1
39,195,14
39,225,1
39,369,5
40,40,-27
40,41,2
40,46,10
40,61,1
40,138,3
40,195,9
40,369,2
41,41,-2
41,42,1
41,47,1
42,42,-1
42,48,1
43,43,-49
43,44,20
43,53,19
43,61,1
43,82,1
43,195,5
43,225,2
43,369,1
44,0,3
44,44,-77
44,45,21
44,54,24
44,60,1
44,61,1
44,82,4
44,119,3
44,138,1
44,167,5
44,195,11
44,369,3
45,45,-37
45,46,7
45,55,13
45,82,2
45,119,1
45,195,10
45,369,4
46,46,-17
46,47,4
46,56,3
46,195,6
46,225,1
46,369,3
47,47,-5
47,48,1
47,57,1
47,61,1
47,82,1
47,225,1
48,48,-2
48,49,1
48,195,1
49,49,-1
49,50,1
50,50,-1
50,51,1
51,51,-1
51,52,1
52,0,1
52,52,-1
53,53,-19
53,54,8
53,61,1
53,82,10
54,0,2
54,54,-32
54,55,7
54,82,17
54,138,1
54,195,3
54,369,2
55,0,2
55,55,-20
55,56,5
55,60,1
55,82,8
55,167,1
55,195,2
55,225,1
56,56,-8
56,57,4
56,60,1
56,195,1
56,225,1
56,369,1
57,57,-5
57,58,1
57,82,1
57,119,1
57,195,2
58,58,-1
58,59,1
59,59,-1
59,195,1
60,60,-76
60,61,76
61,32,3
61,61,-108
61,62,52
61,66,39
61,119,2
61,166,2
61,225,4
61,278,6
62,60,2
62,62,-52
62,63,20
62,67,23
62,225,3
62,278,4
63,63,-20
63,64,3
63,68,10
63,225,6
63,278,1
64,64,-3
64,65,1
64,69,2
65,65,-1
65,105,1
66,0,1
66,60,1
66,66,-39
66,67,14
66,71,15
66,119,1
66,225,4
66,278,3
67,32,1
67,60,2
67,67,-37
67,68,17
67,72,10
67,119,1
67,195,1
67,278,5
68,68,-27
68,69,7
68,73,11
68,119,1
68,225,6
68,278,2
69,69,-9
69,70,1
69,74,6
69,119,1
69,225,1
70,70,-1
70,82,1
71,60,1
71,71,-15
71,72,3
71,76,9
71,225,1
71,278,1
72,72,-13
72,73,4
72,77,6
72,225,2
72,278,1
73,60,1
73,73,-15
73,74,3
73,78,5
73,225,5
73,278,1
74,74,-9
74,75,2
74,79,3
74,225,2
74,278,2
75,75,-2
75,80,1
75,225,1
76,76,-9
76,77,7
76,82,2
77,77,-13
77,78,6
77,82,4
77,119,1
77,225,2
78,78,-11
78,79,4
78,82,2
78,119,1
78,225,2
78,278,2
79,32,1
79,79,-7
79,80,5
79,119,1
80,80,-6
80,81,1
80,82,1
80,119,1
80,195,1
80,225,1
80,278,1
81,81,-1
81,119,1
82,82,-93
82,83,93
83,82,1
83,83,-103
83,84,38
83,88,44
83,153,2
83,257,4
83,305,4
83,324,9
83,483,1
84,84,-38
84,85,19
84,89,15
84,195,1
84,305,2
84,324,1
85,0,1
85,82,1
85,85,-19
85,86,4
85,90,6
85,153,1
85,257,3
85,305,1
85,324,1
85,429,1
86,86,-4
86,87,1
86,91,2
86,483,1
87,87,-1
87,92,1
88,82,1
88,88,-44
88,89,24
88,95,12
88,119,2
88,257,3
88,305,1
88,324,1
89,0,1
89,82,1
89,89,-39
89,90,17
89,96,11
89,153,3
89,257,1
89,305,1
89,324,2
89,483,2
90,82,1
90,90,-23
90,91,3
90,97,9
90,257,7
90,305,2
90,324,1
91,91,-5
91,92,1
91,257,4
92,92,-2
92,93,1
92,257,1
93,93,-1
93,94,1
94,94,-1
94,305,1
95,0,1
95,95,-12
95,96,5
95,100,4
95,257,2
96,82,1
96,96,-16
96,97,6
96,101,5
96,257,2
96,324,1
96,429,1
97,60,1
97,97,-15
97,98,2
97,102,4
97,257,7
97,324,1
98,98,-2
98,99,1
98,153,1
99,99,-1
99,257,1
100,100,-4
100,101,1
100,153,3
101,101,-6
101,102,4
101,305,1
101,324,1
102,102,-8
102,103,2
102,153,3
102,257,1
102,483,2
103,103,-2
103,257,1
103,324,1
104,104,-7
104,105,7
105,60,1
105,105,-11
105,106,6
105,110,4
106,106,-6
106,107,5
106,166,1
107,107,-5
107,108,2
107,112,1
107,278,2
108,108,-2
108,109,1
108,278,1
109,109,-1
109,114,1
110,110,-4
110,111,4
111,32,1
111,111,-4
111,112,1
111,116,1
111,278,1
112,112,-2
112,113,1
112,117,1
113,113,-1
113,114,1
114,32,1
114,114,-2
114,115,1
115,115,-1
115,118,1
116,116,-1
116,166,1
117,117,-1
117,278,1
118,118,-1
118,278,1
119,119,-29
119,120,29
120,0,1
120,120,-33
120,121,13
120,123,17
120,195,1
120,369,1
121,61,1
121,82,1
121,121,-13
121,122,4
121,124,4
121,195,2
121,225,1
122,122,-4
122,125,2
122,195,1
122,305,1
123,123,-17
123,124,6
123,128,6
123,166,1
123,195,2
123,257,1
123,404,1
124,82,2
124,124,-10
124,125,4
124,129,3
124,257,1
125,125,-6
125,126,3
125,130,3
126,126,-3
126,127,1
126,131,2
127,82,1
127,127,-1
128,128,-6
128,129,2
128,133,3
128,369,1
129,129,-5
129,130,3
129,134,1
129,305,1
130,130,-6
130,131,3
130,135,2
130,305,1
131,131,-5
131,132,1
131,136,3
131,305,1
132,132,-1
132,195,1
133,82,1
133,133,-3
133,134,1
133,153,1
134,134,-2
134,135,2
135,82,1
135,135,-4
135,136,1
135,195,1
135,324,1
136,82,1
136,136,-4
136,137,1
136,153,1
136,483,1
137,137,-1
137,225,1
138,138,-13
138,139,13
139,32,1
139,139,-17
139,140,6
139,143,6
139,257,1
139,278,1
139,324,2
140,140,-6
140,141,2
140,144,3
140,324,1
141,141,-2
141,142,1
141,145,1
142,142,-1
142,324,1
143,143,-6
143,144,2
143,147,3
143,305,1
144,144,-5
144,145,1
144,148,4
145,60,1
145,145,-2
145,146,1
146,32,1
146,146,-1
147,32,1
147,147,-3
147,148,2
148,32,1
148,148,-6
148,149,3
148,150,1
148,278,1
149,149,-3
149,151,2
149,278,1
150,119,1
150,150,-1
151,151,-2
151,152,1
151,324,1
152,152,-1
152,153,1
153,153,-16
153,154,16
154,138,1
154,154,-18
154,155,11
154,157,6
155,119,1
155,155,-11
155,156,1
155,158,5
155,257,1
155,305,1
155,324,2
156,156,-1
156,159,1
157,157,-6
157,158,3
157,161,1
157,257,1
157,324,1
158,153,1
158,158,-8
158,159,2
158,162,2
158,324,1
158,349,2
159,159,-3
159,160,1
159,163,2
160,160,-1
160,349,1
161,161,-1
161,162,1
162,138,1
162,162,-3
162,164,1
162,324,1
163,163,-2
163,165,1
163,257,1
164,164,-1
164,349,1
165,153,1
165,165,-1
166,166,-935
166,167,935
167,167,-1086
167,168,490
167,174,474
167,195,31
167,225,6
167,369,85
168,166,5
168,168,-490
168,169,187
168,175,222
168,195,20
168,225,8
168,369,48
169,166,2
169,169,-187
169,170,32
169,176,93
169,195,7
169,369,53
170,170,-32
170,171,3
170,177,16
170,195,2
170,225,1
170,369,10
171,171,-3
171,172,1
171,195,1
171,369,1
172,172,-1
172,173,1
173,173,-1
173,369,1
174,166,8
174,174,-474
174,175,206
174,180,177
174,195,22
174,225,9
174,278,2
174,369,50
175,166,4
175,167,1
175,175,-428
175,176,148
175,181,165
175,195,31
175,225,3
175,369,76
176,166,1
176,176,-241
176,177,53
176,182,101
176,195,10
176,225,2
176,369,74
177,177,-69
177,178,9
177,183,34
177,195,4
177,369,22
178,178,-9
178,179,3
178,184,3
178,369,3
179,179,-3
179,185,1
179,369,2
180,166,4
180,180,-177
180,181,77
180,187,54
180,195,7
180,225,7
180,369,28
181,166,3
181,181,-242
181,182,113
181,188,68
181,195,13
181,225,1
181,278,1
181,369,43
182,166,3
182,167,1
182,182,-214
182,183,48
182,189,82
182,195,18
182,225,2
182,369,60
183,166,2
183,183,-82
183,184,27
183,190,24
183,195,6
183,369,23
184,166,1
184,184,-30
184,185,7
184,191,5
184,369,17
185,166,1
185,185,-8
185,186,2
185,192,2
185,369,3
186,166,1
186,186,-2
186,369,1
187,187,-54
187,188,38
187,195,14
187,225,1
187,369,1
188,166,3
188,188,-106
188,189,39
188,195,39
188,225,3
188,369,22
189,166,2
189,189,-121
189,190,29
189,195,46
189,225,2
189,278,1
189,369,41
190,166,1
190,190,-53
190,191,13
190,195,12
190,225,3
190,369,24
191,166,1
191,191,-18
191,192,10
191,195,5
191,369,2
192,192,-12
192,193,5
192,195,3
192,225,1
192,369,3
193,193,-5
193,194,3
193,195,1
193,369,1
194,194,-3
194,369,3
195,195,-412
195,196,412
196,166,5
196,196,-451
196,197,178
196,201,199
196,225,1
196,257,11
196,305,6
196,324,4
196,404,25
196,429,8
196,572,14
197,166,3
197,197,-178
197,198,59
197,202,78
197,225,2
197,226,4
197,257,3
197,305,3
197,324,5
197,370,3
197,404,11
197,429,4
197,572,3
198,198,-59
198,199,13
198,203,30
198,226,1
198,257,2
198,370,1
198,404,10
198,429,1
198,572,1
199,199,-13
199,200,2
199,204,5
199,257,2
199,370,1
199,404,1
199,572,2
200,200,-2
200,404,2
201,166,1
201,201,-199
201,202,78
201,208,72
201,225,4
201,257,7
201,305,3
201,324,1
201,370,3
201,404,17
201,429,3
201,483,1
201,572,9
202,202,-156
202,203,70
202,209,50
202,226,6
202,257,3
202,305,1
202,324,2
202,370,2
202,404,10
202,429,3
202,572,9
203,203,-100
203,204,20
203,210,37
203,257,6
203,279,1
203,305,3
203,324,1
203,404,25
203,429,1
203,483,1
203,572,5
204,204,-25
204,205,4
204,211,11
204,225,2
204,226,1
204,370,1
204,404,6
205,205,-4
205,206,3
205,257,1
206,206,-3
206,207,1
206,213,1
206,257,1
207,207,-1
207,214,1
208,208,-72
208,209,42
208,218,12
208,226,1
208,257,4
208,305,1
208,324,1
208,370,1
208,404,7
208,572,3
209,166,1
209,209,-92
209,210,36
209,219,26
209,226,2
209,257,5
209,279,1
209,305,1
209,324,1
209,370,2
209,404,8
209,429,3
209,572,6
210,166,2
210,210,-73
210,211,20
210,220,17
210,226,3
210,257,2
210,278,1
210,305,2
210,324,1
210,404,18
210,429,2
210,572,5
211,166,1
211,211,-31
211,212,7
211,221,9
211,225,1
211,226,1
211,257,2
211,404,8
211,429,2
212,166,1
212,212,-7
212,213,3
212,222,2
212,404,1
213,213,-4
213,214,1
213,404,2
213,572,1
214,214,-2
214,215,1
214,404,1
215,215,-1
215,216,1
216,216,-1
216,217,1
217,217,-1
217,226,1
218,218,-12
218,219,8
218,257,4
219,166,1
219,219,-34
219,220,14
219,226,2
219,257,14
219,404,3
220,220,-31
220,221,10
220,225,2
220,257,9
220,278,1
220,305,2
220,404,4
220,429,1
220,572,2
221,221,-19
221,222,5
221,257,7
221,305,1
221,404,3
221,429,1
221,572,2
222,222,-7
222,223,5
222,324,1
222,404,1
223,223,-5
223,224,1
223,225,1
223,257,1
223,305,1
223,404,1
224,224,-1
224,429,1
225,225,-123
225,226,123
226,166,1
226,225,2
226,226,-185
226,227,85
226,231,81
226,278,2
226,305,1
226,429,6
226,483,7
227,166,1
227,225,1
227,227,-85
227,228,35
227,232,40
227,279,1
227,429,3
227,483,4
228,225,1
228,228,-35
228,229,7
228,233,13
228,257,2
228,279,1
228,305,1
228,429,8
228,483,2
229,229,-7
229,230,1
229,234,3
229,305,1
229,429,2
230,230,-1
230,235,1
231,195,1
231,231,-81
231,232,27
231,236,41
231,257,1
231,279,1
231,305,2
231,429,3
231,483,5
232,195,2
232,232,-67
232,233,27
232,237,32
232,305,1
232,429,3
232,483,2
233,195,1
233,225,1
233,233,-40
233,234,8
233,238,19
233,305,2
233,429,6
233,483,3
234,234,-11
234,235,1
234,239,2
234,429,6
234,483,2
235,235,-2
235,429,2
236,166,1
236,195,2
236,225,1
236,236,-41
236,237,16
236,246,17
236,279,1
236,429,1
236,483,2
237,166,1
237,237,-48
237,238,17
237,247,25
237,279,2
237,429,1
237,483,2
238,166,2
238,195,2
238,238,-36
238,239,6
238,248,14
238,305,2
238,429,9
238,483,1
239,239,-8
239,240,1
239,249,4
239,305,1
239,483,2
240,240,-1
240,241,1
241,241,-1
241,242,1
242,242,-1
242,243,1
243,243,-1
243,244,1
244,244,-1
244,245,1
245,245,-1
245,255,1
246,246,-17
246,247,2
246,257,14
246,429,1
247,195,1
247,247,-27
247,248,11
247,257,10
247,429,3
247,483,2
248,195,2
248,248,-25
248,249,5
248,257,8
248,429,9
248,572,1
249,195,1
249,249,-9
249,250,4
249,257,2
249,429,2
250,250,-4
250,251,3
250,429,1
251,251,-3
251,252,2
251,429,1
252,252,-2
252,253,1
252,483,1
253,253,-1
253,254,1
254,254,-1
254,255,1
255,255,-2
255,256,1
255,429,1
256,256,-1
256,483,1
257,257,-173
257,258,173
258,225,1
258,258,-192
258,259,85
258,262,93
258,305,1
258,324,2
258,454,4
258,502,3
258,525,1
258,576,2
259,166,2
259,257,1
259,259,-85
259,260,31
259,263,36
259,306,1
259,324,1
259,349,3
259,404,1
259,454,3
259,502,2
259,525,3
259,576,1
260,260,-31
260,261,3
260,264,13
260,278,1
260,305,1
260,454,11
260,525,1
260,576,1
261,257,1
261,261,-3
261,454,2
262,257,3
262,262,-93
262,263,34
262,267,37
262,278,1
262,324,1
262,349,1
262,404,1
262,454,8
262,502,2
262,525,3
262,574,1
262,576,1
263,225,1
263,263,-70
263,264,28
263,268,27
263,349,3
263,454,4
263,502,2
263,525,1
263,576,4
264,264,-41
264,265,6
264,269,16
264,325,2
264,454,9
264,502,2
264,525,4
264,574,1
264,576,1
265,265,-6
265,266,1
265,270,2
265,454,3
266,266,-1
266,454,1
267,257,2
267,267,-37
267,268,13
267,272,15
267,305,2
267,324,1
267,349,1
267,454,1
267,502,1
267,576,1
268,166,1
268,225,1
268,257,1
268,268,-40
268,269,9
268,273,12
268,305,1
268,349,1
268,454,6
268,502,3
268,574,2
268,576,3
269,257,1
269,269,-25
269,270,3
269,274,10
269,325,1
269,349,1
269,454,7
269,525,1
269,574,1
270,270,-5
270,271,1
270,349,1
270,454,1
270,483,1
270,502,1
271,271,-1
271,454,1
272,272,-15
272,273,7
272,349,8
273,273,-19
273,274,12
273,305,1
273,349,6
274,274,-22
274,275,7
274,324,1
274,349,5
274,454,2
274,502,3
274,525,1
274,574,3
275,275,-7
275,276,2
275,349,1
275,454,3
275,576,1
276,276,-2
276,277,1
276,574,1
277,277,-1
277,502,1
278,278,-39
278,279,39
279,195,1
279,279,-57
279,280,31
279,287,20
279,305,1
279,369,3
279,483,1
280,167,1
280,195,2
280,280,-31
280,281,8
280,288,14
280,369,2
280,483,3
280,572,1
281,281,-8
281,282,3
281,289,5
282,282,-3
282,283,2
282,290,1
283,283,-2
283,284,1
283,369,1
284,284,-1
284,285,1
285,285,-1
285,286,1
286,286,-1
286,292,1
287,167,1
287,195,1
287,287,-20
287,288,6
287,294,10
287,369,2
288,288,-20
288,289,9
288,295,7
288,305,1
288,369,1
288,483,2
289,195,2
289,289,-14
289,290,1
289,296,6
289,483,5
290,290,-2
290,291,2
291,291,-2
291,298,1
291,369,1
292,292,-1
292,293,1
293,293,-1
293,369,1
294,195,2
294,294,-10
294,295,3
294,300,5
295,295,-10
295,296,3
295,301,5
295,369,2
296,279,1
296,296,-9
296,297,6
296,302,1
296,483,1
297,166,1
297,297,-6
297,298,1
297,303,2
297,483,2
298,298,-2
298,299,1
298,483,1
299,299,-1
299,483,1
300,300,-5
300,301,2
300,305,2
300,369,1
301,301,-7
301,302,1
301,305,5
301,404,1
302,302,-2
302,305,1
302,483,1
303,195,1
303,303,-2
303,304,1
304,304,-1
304,305,1
305,305,-65
305,306,65
306,166,1
306,257,1
306,306,-76
306,307,28
306,309,40
306,349,1
306,404,2
306,454,1
306,483,1
306,502,1
307,257,2
307,307,-28
307,308,7
307,310,14
307,404,2
307,429,2
307,454,1
308,308,-7
308,311,3
308,404,1
308,502,3
309,225,1
309,257,3
309,309,-40
309,310,15
309,314,14
309,324,1
309,369,1
309,404,3
309,502,1
309,580,1
310,257,1
310,305,1
310,310,-29
310,311,10
310,315,14
310,404,1
310,429,1
310,454,1
311,311,-13
311,312,2
311,316,6
311,404,1
311,502,4
312,166,1
312,312,-2
312,313,1
313,313,-1
313,502,1
314,314,-14
314,315,7
314,319,4
314,404,1
314,580,2
315,257,2
315,305,2
315,315,-21
315,316,7
315,320,7
315,404,1
315,430,1
315,580,1
316,305,1
316,316,-13
316,317,3
316,321,3
316,404,2
316,429,1
316,502,3
317,317,-3
317,318,1
317,322,1
317,404,1
318,318,-1
318,323,1
319,319,-4
319,320,1
319,349,3
320,257,1
320,320,-8
320,321,5
320,429,1
320,502,1
321,257,3
321,321,-8
321,322,2
321,349,1
321,502,2
322,322,-3
322,404,1
322,502,1
322,580,1
323,323,-1
323,349,1
324,324,-39
324,325,39
325,325,-63
325,326,30
325,331,28
325,429,1
325,483,2
325,525,2
326,195,1
326,305,1
326,326,-30
326,327,13
326,332,12
326,429,2
326,525,1
327,327,-13
327,328,3
327,333,7
327,483,1
327,525,2
328,328,-3
328,329,1
328,334,2
329,329,-1
329,330,1
330,330,-1
330,335,1
331,195,2
331,331,-28
331,332,10
331,337,15
331,454,1
332,332,-22
332,333,11
332,338,8
332,483,3
333,195,1
333,225,1
333,333,-18
333,334,7
333,339,6
333,525,3
334,334,-9
334,340,3
334,483,1
334,525,5
335,335,-1
335,336,1
336,324,1
336,336,-1
337,305,1
337,337,-15
337,338,3
337,343,10
337,429,1
338,225,1
338,338,-11
338,339,5
338,344,3
338,483,1
338,502,1
339,339,-11
339,340,4
339,345,3
339,369,1
339,525,3
340,340,-7
340,341,2
340,346,5
341,341,-2
341,342,1
341,347,1
342,342,-1
342,483,1
343,343,-10
343,349,10
344,344,-3
344,349,1
344,483,2
345,345,-3
345,346,3
346,346,-8
346,347,2
346,349,5
346,525,1
347,347,-3
347,348,1
347,525,2
348,348,-1
348,483,1
349,349,-68
349,350,68
350,166,1
350,257,3
350,324,1
350,349,1
350,350,-70
350,351,26
350,356,34
350,502,2
350,548,1
350,584,1
351,351,-26
351,352,13
351,357,13
352,352,-13
352,353,6
352,358,5
352,548,2
353,353,-6
353,354,1
353,359,2
353,548,3
354,354,-1
354,355,1
355,355,-1
355,548,1
356,257,1
356,349,2
356,356,-34
356,357,21
356,360,7
356,548,2
356,578,1
357,166,1
357,324,1
357,349,2
357,357,-34
357,358,11
357,361,13
357,454,2
357,548,2
357,584,2
358,257,1
358,349,1
358,358,-16
358,359,5
358,362,6
358,548,3
359,359,-7
359,363,2
359,454,1
359,502,1
359,525,1
359,548,1
359,584,1
360,360,-7
360,361,7
361,325,1
361,349,2
361,361,-20
361,362,6
361,365,7
361,454,1
361,548,2
361,584,1
362,257,1
362,305,1
362,362,-12
362,363,3
362,366,2
362,454,1
362,502,2
362,525,1
362,548,1
363,363,-5
363,364,1
363,367,2
363,525,1
363,584,1
364,364,-1
364,502,1
365,257,1
365,349,2
365,365,-7
365,366,3
365,582,1
366,166,1
366,349,2
366,366,-5
366,367,1
366,548,1
367,349,1
367,367,-3
367,368,1
367,548,1
368,368,-1
368,454,1
369,369,-721
369,370,721
370,369,8
370,370,-861
370,371,378
370,375,393
370,404,25
370,429,7
370,483,1
370,572,49
371,369,2
371,371,-378
371,372,131
371,376,178
371,404,17
371,429,4
371,572,46
372,369,1
372,372,-131
372,373,22
372,377,68
372,404,5
372,572,35
373,369,1
373,373,-22
373,374,6
373,378,9
373,572,6
374,374,-6
374,379,4
374,404,1
374,572,1
375,369,8
375,375,-393
375,376,175
375,384,145
375,404,16
375,429,2
375,572,47
376,369,2
376,376,-353
376,377,141
376,385,141
376,404,12
376,429,7
376,572,50
377,377,-209
377,378,42
377,386,84
377,404,15
377,429,3
377,572,65
378,369,1
378,378,-51
378,379,9
378,387,21
378,572,20
379,379,-13
379,380,3
379,388,6
379,404,1
379,572,3
380,380,-3
380,381,1
380,389,2
381,381,-1
381,382,1
382,382,-1
382,383,1
383,383,-1
383,572,1
384,369,3
384,384,-145
384,385,55
384,392,62
384,404,5
384,429,2
384,572,18
385,369,2
385,385,-196
385,386,84
385,393,58
385,404,7
385,429,8
385,572,37
386,369,1
386,386,-168
386,387,41
386,394,64
386,404,6
386,429,3
386,572,53
387,387,-62
387,388,21
387,395,16
387,404,3
387,429,3
387,572,19
388,388,-27
388,389,2
388,396,12
388,404,3
388,429,2
388,572,8
389,389,-4
389,390,1
389,397,3
390,390,-1
390,391,1
391,391,-1
391,572,1
392,369,1
392,392,-62
392,393,32
392,404,27
392,572,2
393,369,1
393,393,-90
393,394,35
393,404,39
393,429,1
393,572,14
394,369,2
394,394,-99
394,395,27
394,404,33
394,429,4
394,572,33
395,369,1
395,395,-43
395,396,13
395,404,15
395,572,14
396,396,-25
396,397,10
396,404,9
396,572,6
397,397,-13
397,398,3
397,404,4
397,429,1
397,572,5
398,398,-3
398,399,2
398,404,1
399,399,-2
399,400,1
399,572,1
400,400,-1
400,401,1
401,401,-1
401,402,1
402,402,-1
402,403,1
403,403,-1
403,572,1
404,404,-419
404,405,419
405,369,4
405,405,-454
405,406,192
405,410,197
405,429,3
405,454,13
405,483,1
405,502,2
405,525,3
405,574,38
405,576,1
406,369,1
406,404,1
406,406,-192
406,407,65
406,411,84
406,430,4
406,454,6
406,484,2
406,502,3
406,525,1
406,573,2
406,574,23
407,407,-65
407,408,8
407,412,32
407,429,1
407,430,1
407,454,1
407,502,2
407,573,1
407,574,19
408,369,1
408,408,-8
408,409,1
408,413,4
408,454,1
408,573,1
409,409,-1
409,414,1
410,369,1
410,410,-197
410,411,91
410,416,72
410,430,5
410,454,3
410,502,2
410,525,1
410,573,2
410,574,20
411,369,2
411,411,-175
411,412,61
411,417,71
411,429,1
411,430,6
411,454,3
411,502,2
411,525,1
411,573,2
411,574,26
412,412,-93
412,413,19
412,418,33
412,429,1
412,430,4
412,454,1
412,484,2
412,525,1
412,574,32
413,413,-23
413,414,9
413,419,8
413,574,6
414,414,-10
414,415,1
414,420,5
414,454,1
414,574,3
415,415,-1
415,574,1
416,416,-72
416,417,33
416,422,24
416,430,1
416,454,4
416,502,1
416,525,2
416,573,1
416,574,6
417,369,1
417,404,1
417,417,-104
417,418,37
417,423,32
417,429,1
417,430,2
417,454,2
417,502,6
417,525,1
417,573,1
417,574,19
417,576,1
418,369,1
418,418,-70
418,419,9
418,424,19
418,429,2
418,430,1
418,454,3
418,502,1
418,525,2
418,573,1
418,574,31
419,419,-17
419,420,5
419,425,5
419,574,7
420,420,-10
420,421,1
420,426,1
420,429,1
420,454,1
420,573,1
420,574,5
421,421,-1
421,427,1
422,422,-24
422,423,12
422,454,10
422,502,2
423,369,2
423,423,-44
423,424,17
423,429,1
423,430,1
423,454,19
423,502,1
423,574,3
424,369,1
424,424,-36
424,425,10
424,454,13
424,574,12
425,425,-15
425,426,2
425,454,2
425,483,1
425,502,2
425,574,8
426,426,-3
426,427,1
426,454,2
427,427,-2
427,428,1
427,574,1
428,428,-1
428,574,1
429,429,-170
429,430,170
430,369,1
430,404,3
430,429,3
430,430,-246
430,431,84
430,434,136
430,502,1
430,576,18
431,369,1
431,404,2
431,429,1
431,431,-84
431,432,26
431,435,38
431,484,2
431,502,1
431,574,1
431,576,12
432,432,-26
432,433,3
432,436,17
432,572,1
432,576,5
433,433,-3
433,437,2
433,576,1
434,404,1
434,429,2
434,434,-136
434,435,69
434,441,59
434,574,1
434,576,4
435,404,7
435,429,2
435,435,-107
435,436,33
435,442,51
435,454,1
435,484,1
435,576,12
436,404,3
436,429,1
436,436,-50
436,437,7
436,443,24
436,572,2
436,576,13
437,429,1
437,437,-9
437,438,2
437,444,5
437,576,1
438,438,-2
438,439,2
439,439,-2
439,440,2
440,440,-2
440,446,1
440,576,1
441,404,1
441,429,1
441,430,1
441,441,-59
441,442,25
441,447,25
441,574,1
441,576,5
442,369,1
442,404,1
442,442,-76
442,443,33
442,448,26
442,484,1
442,574,2
442,576,12
443,404,3
443,429,2
443,443,-57
443,444,15
443,449,17
443,484,2
443,502,2
443,576,16
444,369,1
444,429,2
444,444,-20
444,445,5
444,450,6
444,572,1
444,576,5
445,429,1
445,445,-5
445,451,2
445,484,1
445,576,1
446,446,-1
446,453,1
447,447,-25
447,448,8
447,454,16
447,576,1
448,369,2
448,404,2
448,448,-34
448,449,10
448,454,13
448,502,1
448,572,1
448,573,1
448,576,4
449,404,3
449,429,1
449,449,-27
449,450,3
449,454,10
449,574,1
449,576,9
450,450,-9
450,451,2
450,454,2
450,502,1
450,576,4
451,451,-4
451,452,2
451,454,1
451,576,1
452,452,-2
452,454,1
452,576,1
453,453,-1
453,576,1
454,454,-207
454,455,207
455,369,3
455,429,4
455,454,2
455,455,-222
455,456,103
455,461,85
455,502,2
455,525,1
455,578,18
455,582,4
456,369,1
456,456,-103
456,457,44
456,462,47
456,575,1
456,578,10
457,454,1
457,457,-44
457,458,9
457,463,23
457,575,1
457,578,10
458,458,-9
458,459,2
458,464,4
458,502,1
458,578,2
459,459,-2
459,460,1
459,465,1
460,460,-1
460,466,1
461,429,2
461,454,2
461,461,-85
461,462,42
461,468,29
461,483,1
461,502,1
461,575,1
461,578,5
461,582,2
462,369,2
462,429,2
462,454,1
462,462,-89
462,463,34
462,469,33
462,578,13
462,582,4
463,454,1
463,463,-57
463,464,17
463,470,21
463,502,1
463,503,1
463,526,1
463,548,1
463,578,14
464,464,-21
464,465,6
464,471,9
464,526,1
464,548,2
464,578,3
465,454,1
465,465,-7
465,466,1
465,472,4
465,578,1
466,466,-2
466,467,1
466,526,1
467,467,-1
467,474,1
468,369,1
468,454,1
468,468,-29
468,469,12
468,475,8
468,502,1
468,578,6
469,429,1
469,454,1
469,469,-45
469,470,19
469,476,16
469,502,2
469,578,4
469,582,2
470,369,1
470,454,2
470,470,-40
470,471,10
470,477,11
470,502,1
470,548,2
470,574,1
470,578,10
470,582,2
471,369,1
471,471,-19
471,472,7
471,478,4
471,548,1
471,578,6
472,472,-11
472,473,4
472,479,4
472,578,2
472,582,1
473,473,-4
473,578,3
473,582,1
474,474,-1
474,481,1
475,475,-8
475,476,3
475,548,5
476,429,1
476,454,1
476,476,-19
476,477,7
476,548,7
476,578,3
477,477,-18
477,478,6
477,548,4
477,578,8
478,429,1
478,478,-10
478,479,3
478,548,1
478,578,5
479,479,-7
479,480,2
479,548,3
479,578,2
480,480,-2
480,481,1
480,578,1
481,481,-2
481,482,1
481,578,1
482,482,-1
482,502,1
483,483,-68
483,484,68
484,369,1
484,404,1
484,429,2
484,484,-95
484,485,36
484,487,49
484,580,6
485,404,3
485,485,-36
485,486,6
485,488,23
485,580,4
486,486,-6
486,489,4
486,580,2
487,369,1
487,404,2
487,429,1
487,487,-49
487,488,20
487,491,20
487,502,2
487,580,3
488,404,4
488,488,-43
488,489,14
488,492,20
488,502,1
488,580,4
489,404,3
489,489,-18
489,490,4
489,493,8
489,502,1
489,580,2
490,490,-4
490,494,2
490,580,2
491,491,-20
491,492,10
491,496,10
492,404,2
492,429,1
492,492,-30
492,493,14
492,497,11
492,580,2
493,429,1
493,493,-22
493,494,3
493,498,10
493,580,8
494,494,-5
494,495,2
494,499,2
494,580,1
495,495,-2
495,500,2
496,496,-10
496,497,4
496,502,6
497,369,1
497,404,1
497,497,-15
497,498,6
497,502,7
498,429,1
498,498,-16
498,499,4
498,502,6
498,580,5
499,499,-6
499,500,3
499,502,1
499,580,2
500,500,-5
500,501,1
500,502,1
500,580,3
501,501,-1
501,502,1
502,502,-105
502,503,105
503,369,1
503,454,1
503,483,1
503,502,2
503,503,-119
503,504,49
503,507,52
503,525,2
503,582,11
504,369,1
504,454,3
504,502,1
504,504,-49
504,505,21
504,508,15
504,526,1
504,548,1
504,582,6
505,505,-21
505,506,4
505,509,12
505,526,1
505,575,1
505,582,3
506,506,-4
506,510,4
507,369,2
507,430,1
507,502,1
507,507,-52
507,508,24
507,512,15
507,526,1
507,582,8
508,429,1
508,454,1
508,508,-39
508,509,14
508,513,16
508,582,7
509,509,-26
509,510,4
509,514,16
509,582,6
510,510,-8
510,511,2
510,515,2
510,582,4
511,429,1
511,511,-2
511,582,1
512,512,-15
512,513,8
512,517,4
512,582,3
513,369,1
513,454,1
513,502,1
513,513,-24
513,514,12
513,518,6
513,582,3
514,430,1
514,454,1
514,514,-28
514,515,7
514,519,7
514,582,12
515,454,1
515,502,1
515,515,-9
515,516,1
515,520,2
515,582,4
516,516,-1
516,582,1
517,369,1
517,517,-4
517,518,2
517,548,1
518,518,-8
518,519,5
518,548,3
519,519,-12
519,520,5
519,548,2
519,582,5
520,520,-7
520,521,2
520,548,3
520,582,2
521,521,-2
521,522,1
521,582,1
522,522,-1
522,523,1
523,523,-1
523,524,1
524,524,-1
524,582,1
525,525,-43
525,526,43
526,369,1
526,502,1
526,526,-64
526,527,28
526,530,31
526,584,3
527,404,2
527,527,-28
527,528,12
527,531,11
527,584,3
528,528,-12
528,529,1
528,532,10
528,584,1
529,529,-1
529,533,1
530,502,1
530,530,-31
530,531,11
530,536,14
530,584,5
531,531,-22
531,532,11
531,537,7
531,584,4
532,532,-21
532,533,5
532,538,11
532,584,5
533,533,-6
533,534,2
533,539,3
533,584,1
534,534,-2
534,535,1
534,584,1
535,535,-1
535,541,1
536,536,-14
536,537,6
536,542,8
537,404,1
537,537,-13
537,538,4
537,543,7
537,584,1
538,538,-15
538,539,5
538,544,5
538,584,5
539,539,-8
539,540,1
539,545,5
539,584,2
540,540,-1
540,584,1
541,541,-1
541,584,1
542,542,-8
542,543,1
542,548,7
543,543,-8
543,544,1
543,548,4
543,584,3
544,544,-6
544,545,3
544,548,2
544,584,1
545,545,-8
545,546,2
545,548,2
545,584,4
546,546,-2
546,547,1
546,548,1
547,547,-1
547,584,1
548,548,-77
548,549,77
549,429,1
549,549,-77
549,550,42
549,554,27
549,586,7
550,483,1
550,548,1
550,550,-42
550,551,16
550,555,17
550,586,7
551,551,-16
551,552,6
551,556,4
551,586,6
552,526,1
552,552,-6
552,553,1
552,557,2
552,586,2
553,553,-1
553,558,1
554,369,1
554,554,-27
554,555,10
554,560,8
554,578,1
554,586,7
555,548,1
555,555,-27
555,556,16
555,561,9
555,586,1
556,369,1
556,454,1
556,556,-20
556,557,7
556,562,7
556,586,4
557,557,-9
557,558,3
557,563,1
557,586,5
558,558,-4
558,559,1
558,564,2
558,586,1
559,559,-1
559,565,1
560,483,1
560,560,-8
560,561,4
560,566,3
561,454,1
561,561,-13
561,562,6
561,567,4
561,586,2
562,526,1
562,562,-13
562,563,5
562,568,1
562,586,6
563,563,-6
563,564,1
563,569,2
563,578,1
563,586,2
564,564,-3
564,570,1
564,586,2
565,565,-1
565,571,1
566,548,2
566,566,-3
566,567,1
567,369,1
567,567,-5
567,568,3
567,586,1
568,429,1
568,548,1
568,568,-4
568,569,2
569,502,1
569,569,-4
569,570,2
569,586,1
570,570,-3
570,586,3
571,548,1
571,571,-1
572,572,-541
572,573,541
574,574,-239
574,575,239
576,576,-123
576,577,123
578,578,-112
578,579,112
580,580,-43
580,581,43
582,582,-80
582,583,80
584,584,-44
584,585,44
586,586,-50
586,587,50
