-44104	10866	2266	0	262	0	0	0	30710	0	0	0	0	0	0	0	0	0	0	0	0	0	0	0	0	0	0	0	0	0	0	0	-1239
263	-11138	941	1866	96	422	347	0	317	4394	1325	0	28	0	0	0	1139	0	0	0	0	0	0	0	0	0	0	0	0	0	0	0	-1886
57	162	-3316	373	96	306	10	0	26	51	1230	0	987	0	0	0	18	0	0	0	0	0	0	0	0	0	0	0	0	0	0	0	-583
60	0	32	-2397	14	64	164	404	2	16	11	816	2	236	339	0	1	17	18	0	198	0	0	0	3	0	0	0	0	0	0	0	-625
19	86	23	0	-484	55	0	0	127	2	0	0	169	0	0	0	3	0	0	0	0	0	0	0	0	0	0	0	0	0	0	0	-275
32	1	16	135	4	-911	77	63	0	143	62	25	7	217	43	0	72	4	4	0	6	0	0	0	0	0	0	0	0	0	0	0	-664
18	24	31	9	10	51	-632	83	1	3	73	6	89	8	220	0	2	0	1	0	3	0	0	0	0	0	0	0	0	0	0	0	-419
15	0	9	18	2	13	35	-545	1	0	2	54	2	59	30	233	1	2	2	0	41	3	22	0	0	0	0	0	1	0	0	0	-548
0	0	0	0	0	0	0	0	-31875	7889	1537	0	152	0	0	0	22297	0	0	0	0	0	0	0	0	0	0	0	0	0	0	0	-819
0	0	0	0	0	0	0	0	303	-13237	1259	2414	145	552	361	0	379	5240	1057	0	32	0	0	0	1495	0	0	0	0	0	0	0	-2393
0	0	0	0	0	0	0	0	98	327	-5822	876	280	427	21	0	60	63	2516	0	1116	0	0	0	38	0	0	0	0	0	0	0	-1169
0	0	0	0	0	0	0	0	117	1	76	-4547	34	210	299	673	2	42	37	1646	15	470	339	0	1	103	482	0	0	0	0	0	-1427
0	0	0	0	0	0	0	0	75	337	88	0	-1955	273	0	0	427	54	17	0	653	0	0	0	31	0	0	0	0	0	0	0	-1017
0	0	0	0	0	0	0	0	52	0	71	298	19	-2165	199	159	2	390	134	47	21	456	50	0	12	24	0	0	231	0	0	0	-1470
0	0	0	0	0	0	0	0	28	84	64	10	30	138	-1583	358	5	6	125	21	201	33	453	0	5	0	17	0	5	0	0	0	-945
0	0	0	0	0	0	0	0	43	0	29	76	12	52	75	-1406	0	2	5	128	4	133	76	530	0	4	1	52	0	24	160	0	-1353
0	0	0	0	0	0	0	0	0	0	0	0	0	0	0	0	-25182	6236	1225	0	129	0	0	0	17592	0	0	0	0	0	0	0	-634
0	0	0	0	0	0	0	0	0	0	0	0	0	0	0	0	290	-13166	1621	2141	145	572	237	0	417	7712	22	0	9	0	0	0	-2771
0	0	0	0	0	0	0	0	0	0	0	0	0	0	0	0	150	607	-7240	1193	313	249	2	0	67	51	4606	0	2	0	0	0	-1692
0	0	0	0	0	0	0	0	0	0	0	0	0	0	0	0	128	6	135	-5528	44	288	325	625	4	44	14	3908	2	4	1	0	-1711
0	0	0	0	0	0	0	0	0	0	0	0	0	0	0	0	97	371	119	0	-2994	468	0	0	11	1	0	0	1927	0	0	0	-706
0	0	0	0	0	0	0	0	0	0	0	0	0	0	0	0	61	2	119	278	25	-2804	294	274	5	14	9	1	13	1709	0	0	-1199
0	0	0	0	0	0	0	0	0	0	0	0	0	0	0	0	33	144	75	0	34	58	-1902	382	6	7	1	0	0	2	1160	0	-683
0	0	0	0	0	0	0	0	0	0	0	0	0	0	0	0	41	0	39	96	15	82	106	-1794	4	11	1	15	0	2	0	1382	-1200
0	0	0	0	0	0	0	0	0	0	0	0	0	0	0	0	0	0	0	0	0	0	0	0	-19691	0	0	0	0	0	0	0	0
0	0	0	0	0	0	0	0	0	0	0	0	0	0	0	0	0	0	0	0	0	0	0	0	0	-7971	0	0	0	0	0	0	0
0	0	0	0	0	0	0	0	0	0	0	0	0	0	0	0	0	0	0	0	0	0	0	0	0	0	-5153	0	0	0	0	0	0
0	0	0	0	0	0	0	0	0	0	0	0	0	0	0	0	0	0	0	0	0	0	0	0	0	0	0	-3976	0	0	0	0	0
0	0	0	0	0	0	0	0	0	0	0	0	0	0	0	0	0	0	0	0	0	0	0	0	0	0	0	0	-2190	0	0	0	0
0	0	0	0	0	0	0	0	0	0	0	0	0	0	0	0	0	0	0	0	0	0	0	0	0	0	0	0	0	-1741	0	0	0
0	0	0	0	0	0	0	0	0	0	0	0	0	0	0	0	0	0	0	0	0	0	0	0	0	0	0	0	0	0	-1321	0	0
0	0	0	0	0	0	0	0	0	0	0	0	0	0	0	0	0	0	0	0	0	0	0	0	0	0	0	0	0	0	0	-1382	0
