861,0,0
0,0,0
256,274,0
257,159,0
258,36,0
259,4,0
260,1,0
261,1,0
262,0,0
263,0,0
320,186,0
321,157,0
322,77,0
323,22,0
324,2,0
325,1,0
326,1,0
327,0,0
328,0,0
329,0,0
384,102,0
385,149,0
386,89,0
387,39,0
388,10,0
389,3,0
390,2,0
391,1,0
392,0,0
393,1,0
448,4,0
449,72,0
450,69,0
451,39,0
452,14,0
453,4,0
454,4,0
455,0,0
456,1,0
457,0,0
458,0,0
459,1,0
512,0,0
768,188,0
769,86,0
770,35,0
771,16,0
772,1,0
773,0,0
832,115,0
833,103,0
834,42,0
835,14,0
836,3,0
837,3,0
838,0,0
839,0,0
840,0,0
896,49,0
897,71,0
898,47,0
899,12,0
900,7,0
901,2,0
902,0,0
903,0,0
904,0,0
905,2,0
960,3,0
961,52,0
962,28,0
963,11,0
964,5,0
965,0,0
966,0,0
967,4,0
968,0,0
969,0,0
1024,0,0
1280,92,0
1281,45,0
1282,16,0
1283,2,0
1284,0,0
1285,0,0
1286,0,0
1344,76,0
1345,52,0
1346,22,0
1347,9,0
1348,5,0
1349,0,0
1408,21,0
1409,32,0
1410,26,0
1411,12,0
1412,4,0
1413,1,0
1414,0,0
1415,0,0
1416,2,0
1417,0,0
1472,4,0
1473,16,0
1474,20,0
1475,18,0
1476,6,0
1477,3,0
1478,0,0
1479,2,0
1480,1,0
1481,0,0
1536,0,0
1792,131,0
1793,76,0
1794,38,0
1795,3,0
1796,1,0
1797,0,0
1798,0,0
1799,0,0
1856,83,0
1857,96,0
1858,46,0
1859,19,0
1860,4,0
1861,2,0
1862,0,0
1863,0,0
1920,39,0
1921,50,0
1922,53,0
1923,28,0
1924,6,0
1925,2,0
1926,0,0
1927,0,0
1928,0,0
1929,0,0
1984,2,0
1985,37,0
1986,35,0
1987,15,0
1988,3,0
1989,5,0
1990,2,0
1991,0,0
1992,0,0
2048,0,0
2304,40,0
2305,22,0
2306,5,0
2307,4,0
2308,0,0
2309,0,0
2368,32,0
2369,34,0
2370,19,0
2371,4,0
2372,2,0
2373,0,0
2374,0,0
2375,0,0
2432,9,0
2433,24,0
2434,16,0
2435,7,0
2436,4,0
2437,1,0
2438,0,0
2439,0,0
2496,1,0
2497,13,0
2498,10,0
2499,7,0
2500,3,0
2501,1,0
2502,0,0
2503,0,0
2504,0,0
2560,0,0
2816,149,0
2817,80,0
2818,21,0
2819,5,0
2820,1,0
2821,0,0
2822,1,0
2880,85,0
2881,94,0
2882,50,0
2883,11,0
2884,5,0
2885,1,0
2886,2,0
2944,49,0
2945,48,0
2946,44,0
2947,8,0
2948,5,0
2949,0,0
2950,1,0
2951,0,0
2952,0,0
3008,6,0
3009,29,0
3010,32,0
3011,10,0
3012,5,0
3013,1,0
3014,0,0
3015,0,0
3072,0,0
3328,98,0
3329,54,0
3330,15,0
3331,6,0
3332,1,0
3333,0,0
3392,33,0
3393,39,0
3394,29,0
3395,9,0
3396,3,0
3397,0,0
3456,19,0
3457,42,0
3458,21,0
3459,13,0
3460,8,0
3461,3,0
3462,0,0
3463,1,0
3464,2,0
3520,6,0
3521,15,0
3522,33,0
3523,10,0
3524,5,0
3525,1,0
3584,0,0
3840,140,0
3841,79,0
3842,32,0
3843,2,0
3844,2,0
3845,0,0
3846,0,0
3904,54,0
3905,69,0
3906,59,0
3907,12,0
3908,4,0
3909,5,0
3910,2,0
3968,32,0
3969,66,0
3970,29,0
3971,10,0
3972,3,0
3973,2,0
3974,1,0
3975,2,0
4032,20,0
4033,49,0
4034,50,0
4035,19,0
4036,2,0
4037,2,0
4038,0,0
4039,1,0
4096,0,0
4352,133,0
4353,92,0
4354,17,0
4355,5,0
4356,0,0
4357,0,0
4358,0,0
4416,129,0
4417,96,0
4418,48,0
4419,9,0
4420,2,0
4421,0,0
4422,0,0
4423,0,0
4424,0,0
4425,0,0
4426,0,0
4480,72,0
4481,78,0
4482,48,0
4483,27,0
4484,6,0
4485,5,0
4486,2,0
4487,0,0
4488,0,0
4489,0,0
4490,0,0
4491,0,0
4544,2,0
4545,46,0
4546,46,0
4547,30,0
4548,9,0
4549,4,0
4550,1,0
4551,1,0
4552,2,0
4553,0,0
4554,0,0
4555,0,0
4608,0,0
4864,199,0
4865,135,0
4866,13,0
4867,4,0
4868,2,0
4869,0,0
4870,0,0
4928,125,0
4929,112,0
4930,57,0
4931,20,0
4932,7,0
4933,0,0
4934,2,0
4935,0,0
4992,78,0
4993,97,0
4994,50,0
4995,15,0
4996,12,0
4997,3,0
4998,2,0
4999,0,0
5000,0,0
5056,2,0
5057,48,0
5058,43,0
5059,21,0
5060,18,0
5061,3,0
5062,0,0
5063,0,0
5064,0,0
5065,0,0
5066,0,0
5120,0,0
5376,144,0
5377,94,0
5378,40,0
5379,7,0
5380,0,0
5381,0,0
5382,0,0
5440,101,0
5441,101,0
5442,58,0
5443,25,0
5444,8,0
5445,0,0
5446,0,0
5447,0,0
5504,55,0
5505,80,0
5506,84,0
5507,23,0
5508,9,0
5509,4,0
5510,0,0
5511,2,0
5512,0,0
5513,0,0
5568,9,0
5569,46,0
5570,50,0
5571,19,0
5572,6,0
5573,2,0
5574,0,0
5575,1,0
5576,0,0
5577,0,0
5578,2,0
5632,0,0
5888,262,0
5889,164,0
5890,65,0
5891,4,0
5892,4,0
5893,0,0
5952,183,0
5953,124,0
5954,84,0
5955,15,0
5956,10,0
5957,8,0
5958,0,0
6016,74,0
6017,100,0
6018,76,0
6019,39,0
6020,8,0
6021,3,0
6022,0,0
6023,0,0
6024,2,0
6080,9,0
6081,55,0
6082,54,0
6083,37,0
6084,14,0
6085,4,0
6086,2,0
6087,0,0
6088,3,0
6089,0,0
6090,0,0
6144,0,0
6400,186,0
6401,82,0
6402,31,0
6403,11,0
6404,6,0
6405,0,0
6406,1,0
6407,0,0
6464,133,0
6465,106,0
6466,64,0
6467,19,0
6468,7,0
6469,1,0
6470,0,0
6471,0,0
6472,1,0
6528,64,0
6529,76,0
6530,57,0
6531,27,0
6532,11,0
6533,2,0
6534,1,0
6535,0,0
6592,8,0
6593,24,0
6594,50,0
6595,30,0
6596,11,0
6597,1,0
6598,2,0
6599,1,0
6600,0,0
6656,0,0
6912,306,0
6913,169,0
6914,54,0
6915,11,0
6916,6,0
6917,0,0
6918,0,0
6976,179,0
6977,132,0
6978,88,0
6979,30,0
6980,16,0
6981,2,0
6982,1,0
6983,1,0
6984,0,0
6985,1,0
7040,70,0
7041,98,0
7042,71,0
7043,24,0
7044,5,0
7045,1,0
7046,0,0
7047,0,0
7104,13,0
7105,33,0
7106,57,0
7107,23,0
7108,16,0
7109,5,0
7110,1,0
7111,0,0
7168,0,0
7424,181,0
7425,132,0
7426,34,0
7427,8,0
7428,4,0
7429,1,0
7488,114,0
7489,111,0
7490,69,0
7491,17,0
7492,11,0
7493,2,0
7494,1,0
7495,0,0
7552,44,0
7553,78,0
7554,64,0
7555,28,0
7556,10,0
7557,6,0
7558,4,0
7559,0,0
7616,6,0
7617,37,0
7618,45,0
7619,30,0
7620,10,0
7621,3,0
7622,3,0
7623,0,0
7680,0,0
7936,355,0
7937,141,0
7938,55,0
7939,14,0
7940,4,0
7941,4,0
8000,162,0
8001,196,0
8002,91,0
8003,41,0
8004,11,0
8005,0,0
8006,0,0
8007,0,0
8064,71,0
8065,114,0
8066,97,0
8067,36,0
8068,16,0
8069,5,0
8070,0,0
8071,0,0
8128,35,0
8129,104,0
8130,109,0
8131,41,0
8132,27,0
8133,6,0
8134,2,0
8135,0,0
8136,2,0
8192,0,0
8448,121,0
8449,69,0
8450,15,0
8451,4,0
8452,0,0
8453,1,0
8454,0,0
8455,0,0
8456,0,0
8512,111,0
8513,76,0
8514,35,0
8515,7,0
8516,4,0
8517,1,0
8518,0,0
8519,0,0
8520,0,0
8576,57,0
8577,72,0
8578,46,0
8579,17,0
8580,5,0
8581,0,0
8582,0,0
8583,0,0
8584,0,0
8640,13,0
8641,58,0
8642,48,0
8643,24,0
8644,7,0
8645,5,0
8646,1,0
8647,0,0
8648,1,0
8649,0,0
8650,0,0
8651,0,0
8704,0,0
8960,221,0
8961,109,0
8962,42,0
8963,4,0
8964,2,0
8965,0,0
8966,0,0
8967,0,0
9024,155,0
9025,124,0
9026,60,0
9027,10,0
9028,3,0
9029,2,0
9030,0,0
9031,0,0
9032,0,0
9088,61,0
9089,101,0
9090,61,0
9091,17,0
9092,9,0
9093,0,0
9094,2,0
9095,0,0
9096,0,0
9097,0,0
9152,14,0
9153,57,0
9154,58,0
9155,30,0
9156,13,0
9157,9,0
9158,5,0
9159,0,0
9160,0,0
9161,0,0
9162,0,0
9216,0,0
9472,219,0
9473,121,0
9474,49,0
9475,9,0
9476,1,0
9477,1,0
9478,0,0
9479,0,0
9536,138,0
9537,157,0
9538,95,0
9539,28,0
9540,5,0
9541,2,0
9542,0,0
9543,0,0
9544,0,0
9545,0,0
9600,81,0
9601,132,0
9602,102,0
9603,36,0
9604,13,0
9605,8,0
9606,4,0
9607,1,0
9608,0,0
9609,0,0
9610,0,0
9664,8,0
9665,63,0
9666,93,0
9667,54,0
9668,21,0
9669,6,0
9670,1,0
9671,0,0
9672,2,0
9728,0,0
9984,377,0
9985,167,0
9986,69,0
9987,7,0
9988,7,0
9989,1,0
9990,0,0
9991,0,0
10048,217,0
10049,196,0
10050,136,0
10051,35,0
10052,9,0
10053,3,0
10054,1,0
10055,0,0
10056,1,0
10112,100,0
10113,118,0
10114,95,0
10115,48,0
10116,14,0
10117,12,0
10118,1,0
10119,0,0
10120,0,0
10121,0,0
10122,0,0
10123,0,0
10176,12,0
10177,57,0
10178,109,0
10179,37,0
10180,19,0
10181,7,0
10182,1,0
10183,1,0
10184,0,0
10187,0,0
10188,0,0
10240,0,0
10496,112,0
10497,53,0
10498,14,0
10499,2,0
10500,1,0
10501,0,0
10560,81,0
10561,84,0
10562,52,0
10563,18,0
10564,1,0
10565,2,0
10566,0,0
10624,47,0
10625,65,0
10626,46,0
10627,23,0
10628,6,0
10629,1,0
10630,0,0
10631,1,0
10632,0,0
10633,0,0
10688,3,0
10689,39,0
10690,39,0
10691,25,0
10692,7,0
10693,3,0
10694,1,0
10695,0,0
10696,0,0
10697,1,0
10752,0,0
11008,196,0
11009,95,0
11010,29,0
11011,8,0
11012,1,0
11013,0,0
11072,110,0
11073,95,0
11074,52,0
11075,9,0
11076,4,0
11077,1,0
11078,0,0
11079,0,0
11080,0,0
11136,54,0
11137,73,0
11138,40,0
11139,23,0
11140,9,0
11141,4,0
11142,1,0
11143,4,0
11200,12,0
11201,43,0
11202,41,0
11203,17,0
11204,12,0
11205,4,0
11206,0,0
11207,0,0
11264,0,0
11520,89,0
11521,74,0
11522,17,0
11523,1,0
11524,0,0
11584,78,0
11585,76,0
11586,60,0
11587,24,0
11588,0,0
11589,0,0
11590,3,0
11648,34,0
11649,76,0
11650,75,0
11651,29,0
11652,11,0
11653,2,0
11654,0,0
11655,0,0
11656,0,0
11712,4,0
11713,40,0
11714,36,0
11715,14,0
11716,2,0
11717,8,0
11718,5,0
11719,2,0
11776,0,0
12032,202,0
12033,125,0
12034,53,0
12035,16,0
12036,2,0
12037,0,0
12038,0,0
12096,133,0
12097,135,0
12098,75,0
12099,31,0
12100,13,0
12101,2,0
12102,0,0
12103,0,0
12160,34,0
12161,110,0
12162,89,0
12163,40,0
12164,3,0
12165,0,0
12166,0,0
12167,0,0
12168,0,0
12169,0,0
12224,52,0
12225,115,0
12226,120,0
12227,55,0
12228,20,0
12229,11,0
12230,1,0
12231,0,0
12232,1,0
12233,0,0
12234,0,0
12235,0,0
12288,0,0
12544,0,0
12800,0,0
13056,0,0
13312,0,0
13568,0,0
13824,0,0
14080,0,0
14336,0,0
14592,0,0
14848,0,0
15104,0,0
15360,0,0
15616,0,0
15872,0,0
16128,0,0
0,0,-1745
0,1,1745
1,0,274
1,1,-45495
1,2,20674
1,9,19109
1,41,1296
1,77,402
1,147,56
1,270,3684
2,0,159
2,2,-20674
2,3,7562
2,10,9089
2,41,957
2,77,258
2,147,27
2,270,2622
3,0,36
3,3,-7562
3,4,1241
3,11,3687
3,41,380
3,77,77
3,147,4
3,270,2137
4,0,4
4,4,-1241
4,5,243
4,12,550
4,41,60
4,77,16
4,147,4
4,270,364
5,0,1
5,5,-243
5,6,51
5,13,91
5,41,16
5,77,5
5,147,1
5,270,78
6,0,1
6,6,-51
6,7,12
6,14,23
6,41,3
6,77,1
6,270,11
7,7,-12
7,8,5
7,15,2
7,77,1
7,270,4
8,8,-5
8,16,2
8,270,3
9,0,186
9,9,-19109
9,10,8945
9,19,6604
9,41,755
9,77,295
9,147,29
9,270,2295
10,0,157
10,10,-18034
10,11,7347
10,20,6552
10,41,913
10,77,316
10,147,39
10,270,2710
11,0,77
11,11,-11034
11,12,2189
11,21,4261
11,41,622
11,77,160
11,147,24
11,270,3701
12,0,22
12,12,-2739
12,13,558
12,22,1016
12,41,179
12,77,39
12,147,3
12,270,922
13,0,2
13,13,-649
13,14,160
13,23,216
13,41,42
13,77,13
13,147,4
13,270,212
14,0,1
14,14,-183
14,15,39
14,24,63
14,41,12
14,77,4
14,270,64
15,0,1
15,15,-41
15,16,12
15,25,12
15,41,3
15,77,3
15,270,10
16,16,-14
16,17,3
16,26,7
16,270,4
17,17,-3
17,18,1
17,27,1
17,270,1
18,18,-1
18,270,1
19,0,102
19,19,-6604
19,20,3303
19,29,2134
19,41,245
19,77,100
19,147,10
19,270,710
20,0,149
20,20,-9855
20,21,4188
20,30,2840
20,41,618
20,77,200
20,147,19
20,270,1841
21,0,89
21,21,-8449
21,22,2063
21,31,2579
21,41,566
21,77,126
21,147,16
21,270,3010
22,0,39
22,22,-3079
22,23,782
22,32,861
22,41,202
22,77,52
22,147,7
22,270,1136
23,0,10
23,23,-998
23,24,285
23,33,274
23,41,59
23,77,21
23,147,2
23,270,347
24,0,3
24,24,-348
24,25,103
24,34,98
24,41,21
24,77,6
24,147,1
24,270,116
25,0,2
25,25,-115
25,26,24
25,35,31
25,41,14
25,77,7
25,270,37
26,0,1
26,26,-31
26,27,14
26,36,8
26,41,1
26,270,7
27,27,-15
27,28,8
27,37,2
27,41,1
27,270,4
28,0,1
28,28,-8
28,38,3
28,77,1
28,270,3
29,0,4
29,29,-2134
29,30,1311
29,41,791
29,77,6
29,270,22
30,0,72
30,30,-4151
30,31,1845
30,41,1409
30,77,90
30,147,9
30,270,726
31,0,69
31,31,-4424
31,32,1242
31,41,1334
31,77,118
31,147,14
31,270,1647
32,0,39
32,32,-2103
32,33,586
32,41,669
32,77,56
32,147,6
32,270,747
33,0,14
33,33,-860
33,34,270
33,41,231
33,77,11
33,147,2
33,270,332
34,0,4
34,34,-368
34,35,110
34,41,98
34,77,13
34,147,1
34,270,142
35,0,4
35,35,-141
35,36,57
35,41,44
35,77,2
35,270,34
36,36,-65
36,37,19
36,41,21
36,77,1
36,270,24
37,0,1
37,37,-21
37,38,5
37,41,10
37,270,5
38,38,-8
38,39,3
38,41,3
38,270,2
39,39,-3
39,40,1
39,270,2
40,0,1
40,40,-1
41,41,-10507
41,42,10507
42,0,69
42,42,-10808
42,43,4418
42,48,4432
42,77,37
42,111,335
42,147,11
42,179,98
42,211,70
42,270,2
42,313,649
42,349,432
42,420,6
42,552,249
43,0,33
43,43,-4418
43,44,1595
43,49,1754
43,77,14
43,111,214
43,147,6
43,179,64
43,211,47
43,313,371
43,349,176
43,420,1
43,552,143
44,0,15
44,44,-1595
44,45,294
44,50,666
44,77,4
44,111,73
44,147,1
44,179,21
44,211,19
44,313,390
44,349,53
44,420,1
44,552,58
45,0,6
45,45,-294
45,46,43
45,51,112
45,77,1
45,111,14
45,147,3
45,179,4
45,211,2
45,313,89
45,349,8
45,552,12
46,46,-43
46,47,6
46,52,15
46,111,5
46,147,1
46,211,1
46,313,10
46,349,3
46,552,2
47,47,-6
47,53,2
47,313,3
47,349,1
48,0,42
48,48,-4432
48,49,1891
48,57,1542
48,77,22
48,111,159
48,147,6
48,179,57
48,211,40
48,270,3
48,313,376
48,349,142
48,420,2
48,552,150
49,0,42
49,49,-3645
49,50,1392
49,58,1315
49,77,13
49,111,172
49,147,6
49,179,38
49,211,45
49,313,351
49,349,129
49,420,1
49,552,141
50,0,14
50,50,-2058
50,51,451
50,59,696
50,77,10
50,111,113
50,147,4
50,179,26
50,211,22
50,313,573
50,349,64
50,420,1
50,552,84
51,0,6
51,51,-563
51,52,126
51,60,177
51,111,31
51,147,2
51,179,5
51,211,6
51,313,162
51,349,18
51,552,30
52,0,1
52,52,-141
52,53,37
52,61,48
52,77,1
52,111,7
52,179,4
52,211,2
52,313,30
52,349,7
52,552,4
53,0,1
53,53,-39
53,54,9
53,62,12
53,77,1
53,313,13
53,349,1
53,552,2
54,54,-9
54,55,4
54,63,2
54,111,1
54,313,1
54,349,1
55,55,-4
55,56,2
55,313,2
56,56,-2
56,65,1
56,313,1
57,0,19
57,57,-1542
57,58,710
57,67,483
57,77,8
57,111,50
57,147,3
57,179,22
57,211,19
57,313,126
57,349,48
57,552,54
58,0,26
58,58,-2025
58,59,836
58,68,584
58,77,15
58,111,109
58,147,4
58,179,31
58,211,36
58,313,217
58,349,70
58,420,1
58,552,96
59,0,16
59,59,-1532
59,60,389
59,69,423
59,77,10
59,111,81
59,147,5
59,179,18
59,211,21
59,313,443
59,349,44
59,420,1
59,552,81
60,0,2
60,60,-566
60,61,139
60,70,146
60,77,6
60,111,28
60,147,2
60,179,10
60,211,7
60,313,185
60,349,12
60,420,1
60,552,28
61,0,2
61,61,-187
61,62,47
61,71,51
61,77,1
61,111,18
61,147,2
61,179,6
61,211,3
61,313,44
61,349,6
61,552,7
62,0,1
62,62,-59
62,63,13
62,72,15
62,111,5
62,211,2
62,313,15
62,349,1
62,552,7
63,63,-15
63,64,6
63,73,1
63,111,1
63,211,1
63,313,4
63,349,2
64,64,-6
64,65,3
64,74,3
65,65,-4
65,66,1
65,313,1
65,349,1
65,552,1
66,0,1
66,66,-1
67,0,1
67,67,-483
67,68,280
67,77,1
67,111,189
67,179,2
67,211,3
67,313,4
67,552,3
68,0,22
68,68,-864
68,69,344
68,77,6
68,111,284
68,147,2
68,179,18
68,211,18
68,313,112
68,349,27
68,420,2
68,552,29
69,0,8
69,69,-767
69,70,211
69,77,10
69,111,216
69,147,2
69,179,41
69,211,7
69,313,149
69,349,68
69,420,6
69,552,49
70,0,3
70,70,-357
70,71,96
70,77,4
70,111,89
70,147,1
70,179,16
70,211,9
70,313,84
70,349,34
70,420,1
70,552,20
71,0,2
71,71,-147
71,72,39
71,77,1
71,111,40
71,179,7
71,211,2
71,313,30
71,349,13
71,552,13
72,72,-54
72,73,18
72,111,16
72,179,2
72,313,8
72,349,5
72,552,5
73,73,-19
73,74,6
73,111,4
73,179,2
73,313,6
73,552,1
74,0,2
74,74,-9
74,75,2
74,111,3
74,313,1
74,552,1
75,75,-2
75,76,1
75,349,1
76,76,-1
76,552,1
77,77,-2360
77,78,2360
78,0,12
78,41,38
78,77,26
78,78,-3467
78,79,1385
78,85,1535
78,111,6
78,147,2
78,179,71
78,211,4
78,270,2
78,313,9
78,349,132
78,420,241
78,552,4
79,0,7
79,41,11
79,77,18
79,79,-1385
79,80,487
79,86,626
79,111,8
79,147,2
79,179,32
79,211,1
79,313,5
79,349,66
79,420,120
79,552,2
80,0,3
80,41,5
80,77,3
80,80,-487
80,81,96
80,87,227
80,147,2
80,179,13
80,313,1
80,349,106
80,420,30
80,552,1
81,0,1
81,81,-96
81,82,18
81,88,45
81,179,1
81,313,3
81,349,19
81,420,9
82,82,-18
82,83,3
82,89,11
82,111,1
82,349,1
82,420,2
83,83,-3
83,84,1
83,90,1
83,349,1
84,84,-1
84,349,1
85,0,14
85,41,25
85,77,21
85,85,-1535
85,86,658
85,91,573
85,111,11
85,147,1
85,179,37
85,211,2
85,270,1
85,313,5
85,349,79
85,420,105
85,552,3
86,0,8
86,41,18
86,77,15
86,86,-1284
86,87,492
86,92,496
86,111,8
86,147,2
86,179,36
86,211,1
86,270,1
86,313,4
86,349,77
86,420,123
86,552,3
87,0,4
87,41,7
87,77,5
87,87,-719
87,88,187
87,93,253
87,111,4
87,147,1
87,179,31
87,270,1
87,313,2
87,349,172
87,420,52
88,0,1
88,41,3
88,77,4
88,88,-232
88,89,40
88,94,103
88,111,1
88,179,10
88,211,2
88,349,45
88,420,22
88,552,1
89,0,2
89,41,1
89,89,-51
89,90,7
89,95,20
89,111,2
89,179,3
89,211,1
89,349,11
89,420,4
90,90,-8
90,96,4
90,349,3
90,420,1
91,0,3
91,41,5
91,77,7
91,91,-573
91,92,238
91,101,227
91,111,2
91,147,2
91,179,15
91,211,1
91,270,1
91,313,3
91,349,24
91,420,44
91,552,1
92,0,4
92,41,12
92,77,12
92,92,-734
92,93,317
92,102,239
92,111,4
92,179,19
92,211,2
92,313,3
92,349,61
92,420,60
92,552,1
93,0,5
93,41,5
93,77,10
93,93,-570
93,94,144
93,103,175
93,111,4
93,147,1
93,179,13
93,211,1
93,313,3
93,349,154
93,420,52
93,552,3
94,0,1
94,41,3
94,77,5
94,94,-247
94,95,64
94,104,78
94,111,1
94,147,1
94,179,14
94,270,1
94,313,2
94,349,59
94,420,18
95,0,1
95,77,2
95,95,-84
95,96,29
95,105,23
95,179,2
95,349,24
95,420,3
96,41,1
96,96,-33
96,97,8
96,106,7
96,179,2
96,349,10
96,420,5
97,97,-8
97,98,5
97,107,2
97,349,1
98,98,-5
98,99,3
98,108,1
98,349,1
99,0,1
99,99,-3
99,100,1
99,109,1
100,100,-1
100,349,1
101,0,1
101,41,1
101,77,1
101,101,-227
101,102,120
101,111,93
101,349,4
101,420,6
101,552,1
102,0,3
102,41,4
102,77,4
102,102,-359
102,103,159
102,111,112
102,147,2
102,179,13
102,313,1
102,349,32
102,420,28
102,552,1
103,0,4
103,41,6
103,77,6
103,103,-334
103,104,98
103,111,81
103,179,11
103,349,93
103,420,34
103,552,1
104,0,3
104,41,6
104,77,5
104,104,-176
104,105,49
104,111,36
104,147,1
104,179,9
104,211,1
104,349,51
104,420,14
104,552,1
105,0,2
105,41,1
105,105,-72
105,106,22
105,111,13
105,179,2
105,270,1
105,313,1
105,349,23
105,420,7
106,41,1
106,77,2
106,106,-29
106,107,11
106,111,4
106,179,3
106,349,3
106,420,5
107,107,-13
107,108,6
107,111,1
107,349,6
108,0,1
108,108,-7
108,109,3
108,111,1
108,349,2
109,77,1
109,109,-4
109,110,1
109,111,1
109,349,1
110,110,-1
110,420,1
111,111,-2591
111,112,2591
112,0,14
112,77,4
112,111,31
112,112,-2886
112,113,1182
112,120,1226
112,147,1
112,179,19
112,211,27
112,239,52
112,349,1
112,386,107
112,420,1
112,455,55
112,489,120
112,592,3
112,631,9
112,711,34
113,0,10
113,77,5
113,111,12
113,113,-1182
113,114,457
113,121,488
113,147,2
113,179,8
113,211,9
113,239,22
113,313,3
113,386,62
113,455,24
113,489,42
113,631,4
113,711,34
114,0,6
114,77,2
114,111,4
114,114,-457
114,115,77
114,122,187
114,179,6
114,211,5
114,239,18
114,313,1
114,386,97
114,455,18
114,489,13
114,592,2
114,631,4
114,711,17
115,111,1
115,115,-77
115,116,18
115,123,31
115,211,1
115,239,4
115,349,1
115,386,15
115,455,1
115,489,2
115,592,1
115,711,2
116,111,1
116,116,-18
116,117,3
116,124,9
116,239,1
116,386,1
116,455,2
116,711,1
117,117,-3
117,118,1
117,125,1
117,711,1
118,118,-1
118,119,1
119,119,-1
119,239,1
120,0,11
120,77,4
120,111,19
120,120,-1226
120,121,519
120,128,429
120,147,1
120,179,10
120,211,11
120,239,35
120,386,60
120,455,41
120,489,50
120,592,3
120,631,3
120,711,29
120,845,1
121,0,16
121,77,4
121,111,20
121,121,-1007
121,122,433
121,129,332
121,147,2
121,179,6
121,211,8
121,239,25
121,313,1
121,349,1
121,386,55
121,455,17
121,489,40
121,592,3
121,631,3
121,711,41
122,0,3
122,41,1
122,77,3
122,111,12
122,122,-620
122,123,119
122,130,219
122,179,10
122,211,4
122,239,18
122,313,1
122,349,2
122,386,155
122,455,21
122,489,16
122,592,2
122,631,4
122,711,30
123,0,2
123,77,2
123,111,5
123,123,-150
123,124,30
123,131,56
123,179,1
123,211,2
123,239,5
123,349,1
123,386,35
123,455,5
123,489,3
123,631,1
123,711,2
124,0,1
124,111,1
124,124,-39
124,125,10
124,132,14
124,239,2
124,386,7
124,455,2
124,489,1
124,711,1
125,111,1
125,125,-11
125,126,5
125,133,3
125,179,1
125,386,1
126,126,-5
126,127,1
126,134,1
126,386,1
126,455,2
127,127,-1
127,386,1
128,0,6
128,77,3
128,111,5
128,128,-429
128,129,185
128,138,142
128,179,5
128,211,4
128,239,14
128,349,1
128,386,25
128,455,13
128,489,13
128,592,1
128,711,12
129,0,5
129,77,7
129,111,12
129,129,-517
129,130,222
129,139,144
129,179,6
129,211,1
129,239,26
129,349,1
129,386,34
129,420,1
129,455,15
129,489,25
129,592,1
129,631,4
129,711,13
130,0,6
130,77,3
130,111,13
130,130,-441
130,131,86
130,140,136
130,147,3
130,179,2
130,211,8
130,239,14
130,386,118
130,455,16
130,489,14
130,592,2
130,631,3
130,711,17
131,0,3
131,77,4
131,111,2
131,131,-142
131,132,40
131,141,28
131,179,6
131,211,2
131,239,11
131,313,1
131,386,24
131,455,5
131,489,4
131,592,1
131,631,1
131,711,10
132,77,1
132,111,2
132,132,-54
132,133,12
132,142,18
132,179,1
132,211,1
132,239,3
132,386,10
132,455,3
132,489,2
132,592,1
133,111,1
133,133,-15
133,134,6
133,143,2
133,179,1
133,239,1
133,386,3
133,455,1
134,134,-7
134,135,2
134,239,2
134,386,2
134,711,1
135,135,-2
135,136,1
135,386,1
136,136,-1
136,137,1
137,137,-1
137,386,1
138,138,-142
138,139,84
138,179,2
138,239,51
138,386,1
138,455,2
138,489,2
139,0,7
139,77,3
139,111,5
139,139,-228
139,140,93
139,211,5
139,239,75
139,386,15
139,455,8
139,489,5
139,592,1
139,631,1
139,711,10
140,0,4
140,77,2
140,111,5
140,140,-229
140,141,62
140,147,1
140,179,9
140,211,2
140,239,65
140,386,41
140,420,1
140,455,15
140,489,5
140,592,1
140,631,4
140,711,11
140,845,1
141,0,1
141,77,1
141,111,1
141,141,-90
141,142,36
141,147,1
141,179,2
141,211,4
141,239,18
141,313,1
141,386,14
141,455,2
141,489,6
141,592,1
141,631,2
142,142,-54
142,143,16
142,179,1
142,211,2
142,239,11
142,386,10
142,455,6
142,489,4
142,631,3
142,711,1
143,111,1
143,143,-18
143,144,7
143,147,1
143,179,2
143,239,3
143,386,2
143,489,1
143,631,1
144,77,1
144,144,-7
144,145,2
144,239,2
144,386,2
145,145,-2
145,146,2
146,146,-2
146,386,1
146,845,1
147,147,-311
147,148,311
148,0,3
148,41,10
148,77,4
148,147,1
148,148,-523
148,149,215
148,154,247
148,179,1
148,270,19
148,420,23
149,0,1
149,41,7
149,77,2
149,149,-215
149,150,91
149,155,85
149,179,1
149,270,11
149,313,1
149,420,16
150,41,3
150,150,-91
150,151,23
150,156,43
150,270,2
150,420,20
151,77,1
151,151,-23
151,152,7
151,157,5
151,179,1
151,270,3
151,420,6
152,152,-7
152,153,2
152,158,4
152,313,1
153,153,-2
153,159,1
153,420,1
154,0,1
154,41,13
154,77,2
154,147,1
154,154,-247
154,155,112
154,162,85
154,179,1
154,270,14
154,420,18
155,41,17
155,77,1
155,147,1
155,155,-197
155,156,76
155,163,73
155,270,15
155,420,14
156,0,4
156,41,6
156,77,1
156,156,-119
156,157,34
156,164,43
156,179,1
156,270,4
156,420,25
156,552,1
157,41,1
157,157,-39
157,158,10
157,165,20
157,270,3
157,420,5
158,41,1
158,147,1
158,158,-14
158,159,3
158,166,7
158,420,2
159,159,-4
159,160,1
159,167,3
160,160,-1
160,161,1
161,161,-1
161,169,1
162,0,1
162,41,4
162,77,1
162,162,-85
162,163,27
162,170,38
162,179,1
162,270,2
162,420,11
163,0,1
163,41,4
163,77,2
163,147,1
163,163,-100
163,164,41
163,171,29
163,270,15
163,420,6
163,552,1
164,41,8
164,77,1
164,164,-84
164,165,26
164,172,25
164,179,1
164,270,7
164,420,16
165,41,3
165,165,-46
165,166,14
165,173,14
165,270,4
165,420,11
166,41,1
166,166,-21
166,167,5
166,174,6
166,179,1
166,270,3
166,420,5
167,77,1
167,167,-8
167,168,2
167,175,1
167,179,1
167,420,3
168,168,-2
168,420,2
169,169,-1
169,420,1
170,170,-38
170,171,19
170,179,17
170,270,1
170,420,1
171,41,5
171,77,2
171,171,-48
171,172,17
171,179,14
171,270,6
171,420,4
172,41,4
172,77,1
172,172,-42
172,173,13
172,179,8
172,270,5
172,420,11
173,41,1
173,77,2
173,173,-27
173,174,10
173,179,7
173,270,4
173,420,3
174,77,1
174,174,-16
174,175,5
174,179,4
174,270,2
174,420,4
175,41,1
175,175,-6
175,176,2
175,179,3
176,176,-2
176,177,1
176,420,1
177,177,-1
177,178,1
178,178,-1
178,420,1
179,179,-902
179,180,902
180,0,4
180,77,6
180,111,35
180,147,1
180,179,8
180,180,-1066
180,181,431
180,187,456
180,211,8
180,239,4
180,313,37
180,349,12
180,386,1
180,420,1
180,455,24
180,489,13
180,552,22
180,711,2
180,845,1
181,0,5
181,77,1
181,111,16
181,147,1
181,179,4
181,181,-431
181,182,140
181,188,191
181,211,1
181,239,4
181,313,26
181,349,8
181,386,2
181,455,17
181,489,6
181,552,6
181,711,3
182,111,7
182,179,1
182,182,-140
182,183,25
182,189,53
182,211,2
182,313,6
182,349,3
182,386,2
182,455,31
182,489,4
182,552,2
182,631,2
182,711,2
183,147,1
183,179,1
183,183,-25
183,184,4
183,190,10
183,349,1
183,455,5
183,489,2
183,552,1
184,184,-4
184,185,2
184,349,1
184,455,1
185,185,-2
185,186,2
186,111,1
186,186,-2
186,193,1
187,0,6
187,77,2
187,111,15
187,179,4
187,187,-456
187,188,196
187,194,159
187,211,6
187,239,3
187,270,1
187,313,20
187,349,5
187,386,1
187,420,1
187,455,19
187,489,6
187,552,10
187,592,1
187,711,1
188,0,5
188,77,2
188,111,21
188,179,4
188,188,-387
188,189,133
188,195,141
188,211,7
188,239,2
188,313,20
188,349,6
188,386,3
188,420,1
188,455,15
188,489,7
188,552,16
188,631,2
188,711,2
189,0,4
189,77,3
189,111,10
189,179,2
189,189,-186
189,190,42
189,196,65
189,211,1
189,313,10
189,349,3
189,455,38
189,489,2
189,552,6
190,0,1
190,77,1
190,111,1
190,190,-52
190,191,16
190,197,18
190,313,4
190,349,1
190,455,10
191,111,2
191,147,1
191,191,-16
191,192,5
191,198,2
191,313,1
191,455,3
191,489,2
192,192,-5
192,193,3
192,313,1
192,455,1
193,193,-4
193,200,2
193,349,2
194,0,4
194,111,8
194,147,1
194,194,-159
194,195,66
194,203,49
194,211,1
194,313,10
194,349,4
194,455,3
194,489,1
194,552,12
195,77,2
195,111,6
195,147,1
195,179,4
195,195,-207
195,196,99
195,204,54
195,211,2
195,313,15
195,349,7
195,455,7
195,489,1
195,552,8
195,711,1
196,0,1
196,77,1
196,111,14
196,179,3
196,196,-164
196,197,47
196,205,44
196,211,2
196,270,1
196,313,8
196,349,5
196,386,2
196,455,29
196,489,2
196,552,5
197,111,3
197,197,-65
197,198,15
197,206,22
197,211,1
197,239,1
197,313,2
197,386,2
197,455,16
197,489,1
197,552,2
198,111,2
198,198,-17
198,199,2
198,207,5
198,239,1
198,313,2
198,349,1
198,455,4
199,199,-2
199,200,1
199,208,1
200,200,-3
200,201,1
200,313,1
200,455,1
201,201,-1
201,202,1
202,202,-1
202,455,1
203,77,1
203,111,2
203,203,-49
203,204,24
203,239,20
203,313,1
203,349,1
204,0,3
204,111,5
204,204,-78
204,205,26
204,239,26
204,313,6
204,349,3
204,455,2
204,552,6
204,711,1
205,0,2
205,77,2
205,111,5
205,179,1
205,205,-70
205,206,11
205,211,1
205,239,18
205,313,10
205,349,3
205,386,1
205,455,10
205,489,3
205,552,2
205,592,1
206,111,5
206,206,-33
206,207,9
206,211,1
206,239,8
206,313,2
206,386,1
206,455,1
206,489,1
206,552,2
206,711,3
207,111,1
207,147,1
207,179,1
207,207,-14
207,208,3
207,239,3
207,349,1
207,455,4
208,208,-4
208,209,2
208,489,1
208,552,1
209,209,-2
209,210,1
209,239,1
210,210,-1
210,455,1
211,211,-449
211,212,449
212,0,5
212,41,7
212,77,8
212,111,2
212,147,1
212,179,10
212,211,1
212,212,-671
212,213,272
212,218,304
212,239,3
212,349,16
212,386,2
212,420,22
212,489,16
212,711,2
213,0,4
213,41,7
213,77,3
213,148,1
213,179,3
213,211,1
213,213,-272
213,214,111
213,219,107
213,239,4
213,270,1
213,349,6
213,386,1
213,420,9
213,455,2
213,489,10
213,631,1
213,711,1
214,0,1
214,41,1
214,179,4
214,214,-111
214,215,23
214,220,61
214,349,4
214,420,2
214,489,15
215,41,1
215,179,1
215,215,-23
215,216,6
215,221,9
215,349,1
215,420,2
215,489,3
216,216,-6
216,217,1
216,222,1
216,349,1
216,489,3
217,217,-1
217,223,1
218,0,1
218,41,3
218,77,1
218,179,10
218,218,-304
218,219,130
218,224,129
218,239,2
218,349,5
218,420,7
218,455,2
218,489,14
219,41,1
219,77,7
219,111,3
219,179,6
219,219,-237
219,220,102
219,225,95
219,239,2
219,270,1
219,349,5
219,386,1
219,420,7
219,489,7
220,0,1
220,41,1
220,77,3
220,179,7
220,220,-163
220,221,40
220,226,62
220,239,1
220,349,5
220,386,1
220,420,5
220,455,1
220,489,35
220,552,1
221,41,1
221,77,1
221,179,4
221,221,-49
221,222,12
221,227,20
221,239,1
221,420,1
221,455,1
221,489,8
222,77,1
222,222,-13
222,223,2
222,228,7
222,349,1
222,489,2
223,223,-3
223,229,3
224,41,1
224,77,1
224,147,1
224,179,4
224,224,-129
224,225,41
224,233,65
224,349,2
224,386,1
224,420,6
224,489,6
224,552,1
225,41,6
225,77,1
225,111,1
225,179,5
225,225,-136
225,226,48
225,234,42
225,239,2
225,313,1
225,349,10
225,420,11
225,489,9
226,41,2
226,77,2
226,111,1
226,179,2
226,226,-110
226,227,27
226,235,40
226,239,1
226,349,4
226,420,6
226,489,24
226,631,1
227,41,2
227,77,1
227,179,1
227,227,-47
227,228,13
227,236,10
227,349,1
227,386,1
227,420,5
227,455,1
227,489,12
228,41,1
228,179,1
228,228,-20
228,229,5
228,237,4
228,349,3
228,420,2
228,489,4
229,41,1
229,229,-8
229,230,3
229,238,3
229,349,1
230,230,-3
230,231,3
231,211,1
231,231,-3
231,232,2
232,77,1
232,232,-2
232,489,1
233,147,1
233,179,1
233,211,1
233,233,-65
233,234,24
233,239,35
233,349,1
233,420,1
233,455,1
234,0,1
234,41,2
234,77,2
234,179,1
234,234,-66
234,235,29
234,239,23
234,349,1
234,420,2
234,489,5
235,0,2
235,41,2
235,77,4
235,111,1
235,179,6
235,235,-69
235,236,17
235,239,16
235,349,4
235,420,4
235,489,13
236,0,1
236,41,1
236,179,2
236,236,-27
236,237,7
236,239,5
236,349,1
236,420,2
236,489,8
237,0,1
237,179,1
237,237,-11
237,238,1
237,239,4
237,349,1
237,489,3
238,238,-4
238,239,2
238,420,1
238,489,1
239,239,-737
239,240,737
240,0,5
240,77,2
240,111,8
240,179,3
240,211,9
240,239,21
240,240,-802
240,241,339
240,247,331
240,349,1
240,386,15
240,420,1
240,455,18
240,489,4
240,520,24
240,711,12
240,745,1
240,777,8
241,0,4
241,111,4
241,179,4
241,211,3
241,239,8
241,241,-339
241,242,134
241,248,127
241,386,7
241,455,14
241,489,3
241,520,21
241,670,1
241,711,9
242,0,3
242,111,3
242,211,2
242,239,2
242,242,-134
242,243,26
242,249,56
242,386,2
242,455,1
242,489,2
242,520,32
242,711,3
242,777,1
242,847,1
243,243,-26
243,244,10
243,250,11
243,455,2
243,520,3
244,244,-10
244,245,1
244,251,5
244,489,1
244,520,2
244,711,1
245,245,-1
245,246,1
246,246,-1
246,253,1
247,0,4
247,77,1
247,111,1
247,147,1
247,211,1
247,239,8
247,247,-331
247,248,169
247,254,113
247,386,5
247,455,5
247,489,9
247,520,12
247,670,1
247,711,1
248,0,1
248,111,6
248,179,5
248,211,3
248,239,10
248,248,-296
248,249,135
248,255,98
248,386,4
248,455,11
248,489,4
248,520,9
248,552,1
248,670,1
248,711,6
248,777,2
249,0,2
249,77,1
249,111,3
249,179,1
249,211,4
249,239,11
249,249,-191
249,250,33
249,256,72
249,386,6
249,455,10
249,489,1
249,520,42
249,631,1
249,711,3
249,777,1
250,111,2
250,239,1
250,250,-44
250,251,17
250,257,11
250,386,3
250,455,4
250,520,5
250,777,1
251,211,2
251,251,-22
251,252,7
251,258,6
251,520,7
252,0,1
252,239,1
252,252,-7
252,253,3
252,259,1
252,520,1
253,179,1
253,253,-4
253,260,2
253,745,1
254,0,4
254,211,2
254,239,3
254,254,-113
254,255,50
254,262,40
254,386,2
254,455,3
254,489,2
254,520,3
254,670,2
254,711,2
255,0,5
255,77,1
255,111,4
255,179,3
255,211,3
255,239,7
255,255,-148
255,256,54
255,263,49
255,270,1
255,386,1
255,455,3
255,489,4
255,520,5
255,670,2
255,711,5
255,777,1
256,77,1
256,211,2
256,239,10
256,256,-126
256,257,19
256,264,45
256,386,2
256,455,5
256,489,2
256,520,37
256,711,3
257,0,1
257,211,1
257,257,-30
257,258,8
257,265,10
257,455,1
257,489,1
257,520,4
257,711,2
257,777,2
258,258,-14
258,259,3
258,266,4
258,455,1
258,520,4
258,711,2
259,259,-4
259,260,2
259,349,1
259,520,1
260,260,-4
260,261,1
260,268,2
260,386,1
261,211,1
261,261,-1
262,0,1
262,239,16
262,262,-40
262,263,23
263,0,1
263,77,1
263,111,1
263,179,1
263,211,1
263,239,21
263,263,-72
263,264,24
263,349,1
263,386,3
263,455,6
263,520,4
263,711,4
263,777,4
264,0,1
264,77,2
264,111,1
264,179,1
264,211,2
264,239,20
264,264,-69
264,265,15
264,386,2
264,455,5
264,489,1
264,520,14
264,711,4
264,745,1
265,111,2
265,179,2
265,211,1
265,239,4
265,265,-25
265,266,3
265,386,1
265,420,1
265,455,2
265,520,8
265,777,1
266,239,1
266,266,-7
266,267,3
266,455,1
266,520,2
267,239,2
267,267,-3
267,520,1
268,268,-2
268,269,1
268,520,1
269,269,-1
269,489,1
270,270,-27646
270,271,27646
271,270,133
271,271,-31968
271,272,14221
271,278,14034
271,313,848
271,349,235
271,420,29
271,552,2468
272,270,92
272,272,-14221
272,273,5356
272,279,6420
272,313,556
272,349,154
272,420,17
272,552,1626
273,270,17
273,273,-5356
273,274,918
273,280,2600
273,313,217
273,349,43
273,420,3
273,552,1558
274,270,5
274,274,-918
274,275,161
274,281,384
274,313,56
274,349,10
274,420,6
274,552,296
275,275,-161
275,276,22
275,282,72
275,313,11
275,349,3
275,420,1
275,552,52
276,276,-22
276,277,4
276,283,12
276,552,6
277,277,-4
277,284,2
277,552,2
278,270,129
278,278,-14034
278,279,6515
278,289,4952
278,313,588
278,349,172
278,420,25
278,552,1653
279,270,96
279,279,-12935
279,280,5226
279,290,4967
279,313,618
279,349,176
279,420,18
279,552,1834
280,270,48
280,280,-7826
280,281,1525
280,291,3146
280,313,401
280,349,106
280,420,5
280,552,2595
281,270,9
281,281,-1909
281,282,411
281,292,709
281,313,110
281,349,32
281,420,3
281,552,635
282,270,2
282,282,-483
282,283,126
282,293,161
282,313,36
282,349,6
282,552,152
283,283,-138
283,284,25
283,294,58
283,313,8
283,349,1
283,552,46
284,284,-27
284,285,10
284,295,4
284,313,1
284,552,12
285,285,-10
285,286,3
285,296,4
285,552,3
286,286,-3
286,287,2
286,297,1
287,287,-2
287,288,1
287,298,1
288,288,-1
288,552,1
289,270,72
289,289,-4952
289,290,2368
289,301,1594
289,313,199
289,349,73
289,420,8
289,552,638
290,270,78
290,290,-7335
290,291,3179
290,302,2188
290,313,462
290,349,144
290,420,13
290,552,1271
291,270,48
291,291,-6325
291,292,1535
291,303,1959
291,313,396
291,349,90
291,420,14
291,552,2283
292,270,27
292,292,-2244
292,293,569
292,304,641
292,313,148
292,349,48
292,420,5
292,552,806
293,270,6
293,293,-730
293,294,176
293,305,214
293,313,52
293,349,11
293,420,1
293,552,270
294,270,5
294,294,-234
294,295,64
294,306,62
294,313,13
294,349,7
294,420,2
294,552,81
295,270,2
295,295,-68
295,296,16
295,307,23
295,313,5
295,552,22
296,296,-20
296,297,3
296,308,4
296,313,1
296,349,1
296,552,11
297,297,-4
297,298,1
297,313,1
297,552,2
298,298,-2
298,299,1
298,349,1
299,299,-1
299,300,1
300,300,-1
300,312,1
301,270,2
301,301,-1594
301,302,952
301,313,595
301,349,9
301,552,36
302,270,46
302,302,-3140
302,303,1403
302,313,1023
302,349,72
302,420,6
302,552,590
303,270,46
303,303,-3362
303,304,879
303,313,1057
303,349,73
303,420,9
303,552,1298
304,270,30
304,304,-1520
304,305,434
304,313,464
304,349,29
304,420,4
304,552,559
305,270,9
305,305,-648
305,306,198
305,313,186
305,349,18
305,420,2
305,552,235
306,270,4
306,306,-260
306,307,83
306,313,71
306,349,9
306,552,93
307,270,1
307,307,-106
307,308,37
307,313,22
307,349,3
307,552,43
308,270,1
308,308,-41
308,309,12
308,313,10
308,349,1
308,552,17
309,270,2
309,309,-12
309,310,2
309,313,1
309,349,1
309,552,6
310,310,-2
310,311,1
310,552,1
311,311,-1
311,552,1
312,312,-1
312,313,1
313,313,-11969
313,314,11969
314,270,69
314,314,-12227
314,315,5020
314,321,5270
314,349,41
314,386,334
314,420,18
314,455,119
314,489,93
314,552,2
314,592,722
314,631,232
314,711,3
314,845,304
315,270,53
315,315,-5020
315,316,1905
315,322,2016
315,349,22
315,386,189
315,420,6
315,455,74
315,489,54
315,552,1
315,592,405
315,631,134
315,711,5
315,845,156
316,270,4
316,316,-1905
316,317,339
316,323,877
316,349,4
316,386,77
316,455,29
316,489,17
316,552,1
316,592,447
316,631,37
316,711,1
316,845,72
317,270,1
317,317,-339
317,318,77
317,324,113
317,349,2
317,386,15
317,455,4
317,489,4
317,592,97
317,631,10
317,845,16
318,270,1
318,318,-77
318,319,16
318,325,26
318,386,2
318,455,1
318,592,26
318,631,1
318,845,4
319,319,-16
319,320,1
319,326,7
319,386,1
319,489,1
319,592,3
319,845,3
320,320,-1
320,845,1
321,270,44
321,321,-5270
321,322,2233
321,329,1958
321,349,29
321,386,191
321,420,8
321,455,82
321,489,53
321,592,402
321,631,83
321,711,4
321,845,183
322,270,42
322,322,-4249
322,323,1754
322,330,1504
322,349,19
322,386,180
322,420,9
322,455,56
322,489,38
322,592,383
322,631,87
322,711,1
322,845,176
323,270,19
323,323,-2631
323,324,507
323,331,935
323,349,15
323,386,136
323,420,3
323,455,41
323,489,24
323,552,1
323,592,759
323,631,89
323,711,3
323,845,99
324,270,3
324,324,-620
324,325,138
324,332,197
324,349,9
324,386,41
324,420,5
324,455,4
324,489,8
324,592,163
324,631,16
324,711,1
324,845,35
325,270,3
325,325,-164
325,326,29
325,333,60
325,349,1
325,386,8
325,455,4
325,489,2
325,592,44
325,631,3
325,711,1
325,845,9
326,326,-36
326,327,8
326,334,17
326,386,3
326,489,1
326,592,2
326,631,2
326,845,3
327,327,-8
327,328,3
327,335,2
327,349,2
327,592,1
328,328,-3
328,336,3
329,270,29
329,329,-1958
329,330,879
329,338,643
329,349,15
329,386,76
329,420,5
329,455,27
329,489,19
329,592,172
329,631,27
329,845,66
330,270,39
330,330,-2383
330,331,936
330,339,712
330,349,13
330,386,135
330,420,5
330,455,52
330,489,30
330,552,1
330,592,270
330,631,67
330,711,1
330,845,122
331,270,20
331,331,-1871
331,332,469
331,340,523
331,349,5
331,386,95
331,420,4
331,455,41
331,489,24
331,552,1
331,592,511
331,631,62
331,711,3
331,845,113
332,270,4
332,332,-666
332,333,166
332,341,205
332,349,5
332,386,34
332,420,2
332,455,8
332,489,4
332,592,170
332,631,24
332,711,1
332,845,43
333,270,5
333,333,-226
333,334,55
333,342,61
333,349,1
333,386,15
333,420,1
333,455,2
333,489,4
333,592,55
333,631,12
333,845,15
334,270,1
334,334,-72
334,335,14
334,343,20
334,349,1
334,386,6
334,489,2
334,592,18
334,631,4
334,845,6
335,270,1
335,335,-16
335,336,3
335,344,6
335,592,6
336,336,-6
336,337,1
336,345,1
336,592,4
337,337,-1
337,592,1
338,270,1
338,338,-643
338,339,356
338,386,260
338,455,1
338,489,2
338,592,16
338,631,2
338,845,5
339,270,19
339,339,-1068
339,340,411
339,349,7
339,386,410
339,420,3
339,455,24
339,489,8
339,592,122
339,631,29
339,845,35
340,270,16
340,340,-934
340,341,259
340,349,7
340,386,258
340,420,4
340,455,41
340,489,11
340,592,168
340,631,101
340,711,3
340,845,66
341,270,6
341,341,-464
341,342,133
341,349,7
341,386,125
341,420,2
341,455,23
341,489,7
341,592,99
341,631,35
341,711,2
341,845,25
342,270,8
342,342,-194
342,343,56
342,349,2
342,386,59
342,455,5
342,489,3
342,592,35
342,631,11
342,711,1
342,845,14
343,270,1
343,343,-76
343,344,22
343,349,1
343,386,17
343,455,5
343,489,3
343,592,14
343,631,5
343,845,8
344,344,-28
344,345,8
344,386,8
344,592,8
344,631,3
344,845,1
345,345,-9
345,346,3
345,386,4
345,592,1
345,845,1
346,346,-3
346,347,1
346,386,1
346,592,1
347,347,-1
347,348,1
348,348,-1
348,386,1
349,349,-4151
349,350,4151
350,270,15
350,313,50
350,349,52
350,350,-5877
350,351,2440
350,357,2818
350,386,12
350,420,6
350,455,54
350,489,1
350,552,6
350,592,6
350,631,222
350,711,186
350,845,9
351,270,11
351,313,37
351,349,29
351,351,-2440
351,352,919
351,358,1122
351,386,16
351,420,3
351,455,34
351,552,3
351,592,4
351,631,160
351,711,99
351,845,3
352,270,5
352,313,16
352,349,13
352,352,-919
352,353,161
352,359,457
352,386,12
352,455,22
352,489,1
352,552,1
352,592,3
352,631,184
352,711,42
352,845,2
353,270,1
353,313,5
353,353,-161
353,354,24
353,360,79
353,455,5
353,592,2
353,631,38
353,711,7
354,354,-24
354,355,4
354,361,10
354,386,1
354,455,2
354,631,7
355,355,-4
355,356,2
355,362,2
356,356,-2
356,363,2
357,270,16
357,313,33
357,349,27
357,357,-2818
357,358,1189
357,365,1215
357,386,13
357,420,5
357,455,45
357,552,4
357,592,7
357,631,150
357,711,111
357,845,3
358,270,11
358,313,35
358,349,35
358,358,-2311
358,359,900
358,366,968
358,386,15
358,420,6
358,455,41
358,489,1
358,552,3
358,592,14
358,631,153
358,711,125
358,845,4
359,270,8
359,313,19
359,349,19
359,359,-1357
359,360,287
359,367,544
359,386,8
359,420,4
359,455,30
359,489,4
359,592,5
359,631,335
359,711,86
359,845,8
360,270,3
360,313,9
360,349,8
360,360,-366
360,361,82
360,368,135
360,386,5
360,420,1
360,455,4
360,552,1
360,592,1
360,631,91
360,711,25
360,845,1
361,270,1
361,313,3
361,349,3
361,361,-92
361,362,20
361,369,39
361,455,6
361,631,15
361,711,5
362,362,-22
362,363,6
362,370,9
362,631,4
362,711,3
363,363,-8
363,364,2
363,631,5
363,711,1
364,364,-2
364,631,1
364,711,1
365,270,10
365,313,17
365,349,15
365,365,-1215
365,366,495
365,375,540
365,386,6
365,420,2
365,455,10
365,552,1
365,592,4
365,631,65
365,711,48
365,845,2
366,270,13
366,313,29
366,349,21
366,366,-1463
366,367,612
366,376,525
366,386,7
366,420,4
366,455,38
366,489,1
366,592,5
366,631,117
366,711,85
366,845,6
367,270,12
367,313,31
367,349,23
367,367,-1156
367,368,242
367,377,427
367,386,9
367,420,4
367,455,27
367,552,2
367,592,1
367,631,307
367,711,70
367,845,1
368,270,1
368,313,8
368,349,10
368,368,-377
368,369,78
368,378,120
368,386,3
368,420,2
368,455,14
368,489,2
368,552,1
368,631,106
368,711,30
368,845,2
369,270,1
369,313,4
369,349,3
369,369,-117
369,370,33
369,379,37
369,386,1
369,455,3
369,631,30
369,711,5
370,270,2
370,370,-42
370,371,14
370,380,12
370,631,12
370,711,2
371,371,-14
371,372,5
371,381,3
371,455,1
371,631,4
371,845,1
372,313,2
372,372,-5
372,373,3
373,373,-3
373,374,1
373,383,2
374,374,-1
374,384,1
375,270,2
375,313,2
375,349,2
375,375,-540
375,376,190
375,386,332
375,420,1
375,455,2
375,592,1
375,631,6
375,711,2
376,270,11
376,313,11
376,349,11
376,376,-715
376,377,324
376,386,231
376,420,2
376,455,22
376,489,1
376,592,2
376,631,70
376,711,30
377,270,3
377,313,22
377,349,16
377,377,-751
377,378,167
377,386,199
377,420,5
377,455,27
377,552,1
377,592,4
377,631,230
377,711,71
377,845,6
378,270,2
378,313,3
378,349,10
378,378,-287
378,379,83
378,386,76
378,420,1
378,455,13
378,552,1
378,592,2
378,631,70
378,711,25
378,845,1
379,349,5
379,379,-120
379,380,36
379,386,32
379,420,1
379,455,2
379,592,1
379,631,35
379,711,7
379,845,1
380,313,2
380,380,-48
380,381,11
380,386,8
380,455,2
380,631,19
380,711,6
381,381,-14
381,382,2
381,386,3
381,455,1
381,631,6
381,711,2
382,313,1
382,382,-2
382,383,1
383,383,-3
383,384,2
383,386,1
384,384,-3
384,385,2
384,631,1
385,270,1
385,385,-2
385,711,1
386,386,-4773
386,387,4773
387,270,27
387,349,21
387,386,53
387,387,-5125
387,388,2167
387,393,2233
387,420,7
387,455,29
387,489,33
387,520,67
387,592,4
387,631,3
387,670,187
387,711,3
387,745,91
387,777,82
387,847,23
387,849,86
387,853,9
388,270,18
388,349,11
388,386,28
388,388,-2167
388,389,786
388,394,928
388,420,2
388,455,20
388,489,26
388,520,44
388,592,4
388,631,5
388,670,126
388,711,1
388,745,44
388,777,57
388,847,7
388,849,57
388,853,3
389,270,3
389,349,3
389,386,17
389,389,-786
389,390,111
389,395,385
389,420,3
389,455,14
389,489,8
389,520,13
389,592,1
389,631,3
389,670,162
389,711,1
389,745,22
389,777,16
389,847,3
389,849,21
390,349,1
390,386,2
390,390,-111
390,391,22
390,396,46
390,520,2
390,670,27
390,745,4
390,777,2
390,849,4
390,853,1
391,349,2
391,391,-22
391,392,5
391,397,11
391,520,1
391,670,3
392,392,-5
392,398,5
393,270,26
393,349,10
393,386,34
393,393,-2233
393,394,1033
393,400,752
393,420,6
393,455,10
393,489,22
393,520,44
393,552,1
393,592,3
393,670,117
393,711,1
393,745,60
393,777,37
393,845,1
393,847,9
393,849,64
393,853,3
394,270,9
394,349,6
394,386,25
394,394,-1961
394,395,824
394,401,707
394,420,6
394,455,13
394,489,27
394,520,40
394,552,2
394,592,1
394,631,2
394,670,129
394,745,49
394,777,39
394,845,1
394,847,15
394,849,62
394,853,4
395,270,7
395,349,5
395,386,22
395,395,-1209
395,396,270
395,402,431
395,420,4
395,455,8
395,489,5
395,520,26
395,552,2
395,592,4
395,631,1
395,670,304
395,711,1
395,745,41
395,777,31
395,846,1
395,847,6
395,849,38
395,853,2
396,270,1
396,386,7
396,396,-316
396,397,68
396,403,121
396,455,1
396,489,3
396,520,7
396,631,1
396,670,78
396,745,13
396,777,6
396,847,1
396,849,7
396,853,2
397,386,3
397,397,-79
397,398,20
397,404,19
397,455,3
397,489,3
397,520,1
397,592,1
397,670,23
397,745,5
397,777,1
398,270,1
398,349,1
398,398,-25
398,399,7
398,405,10
398,420,1
398,592,1
398,670,2
398,777,2
399,399,-7
399,406,4
399,670,1
399,745,2
400,270,9
400,349,6
400,386,10
400,400,-752
400,401,326
400,409,256
400,420,4
400,455,6
400,489,9
400,520,18
400,592,1
400,631,1
400,670,44
400,745,26
400,777,15
400,847,3
400,849,17
400,853,1
401,270,10
401,349,4
401,386,19
401,401,-1033
401,402,453
401,410,301
401,420,2
401,455,16
401,489,17
401,520,27
401,592,2
401,631,4
401,670,70
401,745,32
401,777,17
401,847,7
401,849,45
401,853,7
402,270,9
402,349,3
402,386,10
402,402,-884
402,403,234
402,411,275
402,420,4
402,455,9
402,489,15
402,520,23
402,631,1
402,670,204
402,745,32
402,777,27
402,847,7
402,849,27
402,853,4
403,270,2
403,349,1
403,386,7
403,403,-355
403,404,85
403,412,111
403,420,1
403,455,8
403,489,12
403,520,8
403,670,78
403,711,1
403,745,20
403,777,6
403,845,1
403,847,1
403,849,12
403,853,1
404,386,2
404,404,-104
404,405,23
404,413,22
404,489,5
404,520,7
404,670,30
404,711,1
404,745,8
404,777,2
404,847,2
404,849,2
405,386,2
405,405,-33
405,406,12
405,414,7
405,631,1
405,670,8
405,745,2
405,777,1
406,406,-16
406,407,3
406,415,6
406,670,4
406,745,1
406,777,2
407,407,-3
407,408,2
407,847,1
408,408,-2
408,420,1
408,849,1
409,270,1
409,386,1
409,409,-256
409,410,144
409,420,1
409,455,1
409,489,2
409,520,101
409,670,2
409,745,1
409,777,1
409,849,1
410,270,8
410,349,3
410,386,12
410,410,-445
410,411,187
410,420,1
410,455,4
410,489,5
410,520,152
410,592,1
410,631,1
410,670,31
410,745,15
410,777,9
410,847,3
410,849,13
411,270,4
411,349,3
411,386,11
411,411,-462
411,412,138
411,420,3
411,455,8
411,489,8
411,520,123
411,552,1
411,631,1
411,670,91
411,745,19
411,777,20
411,847,21
411,849,11
412,270,1
412,313,1
412,349,4
412,386,8
412,412,-249
412,413,72
412,420,1
412,455,7
412,489,4
412,520,61
412,552,1
412,631,1
412,670,55
412,745,5
412,777,11
412,847,9
412,849,8
413,270,1
413,386,1
413,413,-94
413,414,26
413,455,5
413,489,3
413,520,26
413,592,2
413,670,16
413,745,3
413,777,5
413,847,2
413,849,4
414,349,1
414,414,-33
414,415,13
414,455,1
414,489,1
414,520,8
414,670,5
414,745,2
414,847,1
414,849,1
415,415,-19
415,416,7
415,455,2
415,520,9
415,670,1
416,416,-7
416,417,2
416,520,3
416,670,1
416,777,1
417,270,1
417,417,-2
417,418,1
418,418,-1
418,419,1
419,419,-1
419,777,1
420,420,-1357
420,421,1357
421,270,5
421,313,62
421,349,18
421,420,4
421,421,-2000
421,422,777
421,429,956
421,455,7
421,552,92
421,592,6
421,711,65
421,845,8
422,270,4
422,313,26
422,349,6
422,422,-777
422,423,304
422,430,354
422,455,4
422,552,42
422,592,2
422,711,33
422,845,2
423,313,8
423,349,3
423,423,-304
423,424,56
423,431,142
423,455,5
423,552,20
423,592,3
423,631,2
423,711,62
423,845,3
424,270,1
424,313,5
424,424,-56
424,425,16
424,432,21
424,552,4
424,711,9
425,270,1
425,313,3
425,425,-16
425,426,4
425,433,6
425,552,1
425,711,1
426,426,-4
426,427,2
426,434,2
427,313,1
427,427,-2
427,428,1
428,428,-1
428,436,1
429,270,11
429,313,43
429,349,12
429,420,1
429,429,-956
429,430,404
429,438,386
429,552,55
429,592,6
429,631,1
429,711,35
429,845,2
430,270,6
430,313,43
430,349,6
430,430,-758
430,431,299
430,439,296
430,455,6
430,552,45
430,592,6
430,711,51
431,270,2
431,313,22
431,349,6
431,431,-441
431,432,83
431,440,182
431,455,1
431,552,32
431,592,3
431,711,105
431,845,5
432,313,10
432,349,3
432,432,-104
432,433,26
432,441,40
432,552,6
432,711,19
433,313,2
433,349,2
433,433,-32
433,434,5
433,442,13
433,552,3
433,592,1
433,711,6
434,313,1
434,434,-7
434,435,2
434,443,1
434,711,3
435,435,-2
435,444,2
436,436,-1
436,437,1
437,437,-1
437,552,1
438,270,5
438,313,25
438,349,4
438,438,-386
438,439,140
438,446,173
438,455,1
438,552,25
438,592,1
438,711,12
439,270,1
439,313,27
439,349,11
439,439,-436
439,440,186
439,447,136
439,455,3
439,552,36
439,592,3
439,711,31
439,845,2
440,270,3
440,313,19
440,349,7
440,420,1
440,440,-368
440,441,102
440,448,135
440,455,4
440,552,24
440,592,3
440,711,69
440,845,1
441,270,1
441,313,7
441,349,3
441,441,-142
441,442,31
441,449,52
441,455,4
441,552,15
441,592,1
441,711,27
441,845,1
442,270,1
442,313,4
442,349,2
442,442,-44
442,443,11
442,450,8
442,552,3
442,592,1
442,711,14
443,313,2
443,443,-12
443,444,5
443,451,1
443,711,4
444,444,-7
444,445,1
444,552,1
444,711,5
445,445,-1
445,453,1
446,313,3
446,349,1
446,420,1
446,446,-173
446,447,52
446,455,105
446,552,3
446,592,2
446,711,6
447,270,1
447,313,6
447,349,2
447,447,-188
447,448,86
447,455,63
447,552,14
447,592,4
447,711,12
448,270,8
448,313,19
448,349,5
448,448,-221
448,449,59
448,455,51
448,552,10
448,592,3
448,631,1
448,711,62
448,845,3
449,270,1
449,313,13
449,349,1
449,449,-111
449,450,28
449,455,29
449,552,14
449,592,2
449,711,23
450,270,1
450,313,6
450,450,-36
450,451,6
450,455,10
450,552,3
450,711,10
451,451,-7
451,452,4
451,552,1
451,711,2
452,313,1
452,452,-4
452,453,1
452,552,1
452,711,1
453,453,-2
453,454,1
453,552,1
454,454,-1
454,455,1
455,455,-2043
455,456,2043
456,270,16
456,349,6
456,386,72
456,420,4
456,455,21
456,456,-2277
456,457,917
456,463,967
456,489,21
456,520,4
456,592,92
456,631,28
456,670,6
456,711,3
456,745,36
456,777,19
456,845,1
456,847,4
456,853,60
457,270,8
457,349,5
457,386,46
457,420,2
457,455,16
457,457,-917
457,458,330
457,464,367
457,489,5
457,520,5
457,592,44
457,631,19
457,670,4
457,711,1
457,745,28
457,777,7
457,847,2
457,853,28
458,270,3
458,349,3
458,386,14
458,455,2
458,458,-330
458,459,75
458,465,135
458,489,1
458,520,3
458,592,15
458,631,7
458,670,1
458,745,58
458,777,5
458,853,8
459,386,4
459,459,-75
459,460,22
459,466,25
459,489,1
459,592,4
459,631,2
459,745,14
459,777,2
459,853,1
460,270,1
460,455,2
460,460,-22
460,461,6
460,467,8
460,592,1
460,745,4
461,461,-6
461,462,1
461,468,2
461,745,2
461,853,1
462,462,-1
462,853,1
463,270,7
463,349,3
463,386,41
463,420,6
463,455,7
463,463,-967
463,464,404
463,473,340
463,489,13
463,520,4
463,552,1
463,592,60
463,631,16
463,670,5
463,711,1
463,745,26
463,777,3
463,847,3
463,853,27
464,270,4
464,349,3
464,386,41
464,420,2
464,455,8
464,464,-771
464,465,316
464,474,286
464,489,5
464,592,38
464,631,16
464,670,2
464,745,17
464,777,1
464,845,2
464,847,2
464,853,28
465,270,4
465,349,1
465,386,19
465,420,1
465,455,8
465,465,-451
465,466,99
465,475,158
465,489,4
465,520,1
465,552,1
465,592,26
465,631,12
465,670,2
465,711,1
465,745,88
465,777,2
465,847,2
465,853,22
466,270,1
466,349,1
466,386,4
466,420,2
466,455,2
466,466,-124
466,467,36
466,476,36
466,489,4
466,592,10
466,631,1
466,670,2
466,745,16
466,777,1
466,853,8
467,270,1
467,386,2
467,455,4
467,467,-44
467,468,12
467,477,11
467,489,2
467,592,4
467,631,1
467,670,1
467,745,4
467,847,1
467,853,1
468,386,1
468,468,-14
468,469,5
468,478,3
468,489,1
468,670,1
468,745,3
469,386,1
469,469,-5
469,470,2
469,479,2
470,470,-2
470,471,1
470,631,1
471,471,-1
471,472,1
472,386,1
472,472,-1
473,270,5
473,349,3
473,386,13
473,420,1
473,455,6
473,473,-340
473,474,132
473,481,122
473,489,4
473,520,1
473,592,15
473,631,8
473,745,13
473,777,2
473,845,1
473,853,14
474,270,7
474,349,3
474,386,16
474,420,1
474,455,7
474,474,-418
474,475,183
474,482,124
474,489,3
474,520,1
474,592,33
474,631,10
474,670,1
474,745,7
474,777,3
474,847,1
474,853,18
475,270,2
475,349,2
475,386,22
475,420,1
475,455,5
475,475,-341
475,476,82
475,483,110
475,489,1
475,520,1
475,592,25
475,631,6
475,670,3
475,745,63
475,777,1
475,847,1
475,853,16
476,386,14
476,455,3
476,476,-118
476,477,22
476,484,48
476,592,6
476,670,1
476,745,18
476,845,1
476,853,5
477,455,1
477,477,-33
477,478,5
477,485,17
477,592,3
477,631,1
477,670,1
477,745,4
477,777,1
478,478,-8
478,479,2
478,486,2
478,489,1
478,745,1
478,853,2
479,479,-4
479,480,1
479,487,1
479,520,1
479,745,1
480,480,-1
480,488,1
481,386,6
481,455,1
481,481,-122
481,482,50
481,489,3
481,520,57
481,592,2
481,631,1
481,745,1
481,853,1
482,270,3
482,386,8
482,455,1
482,482,-174
482,483,77
482,489,2
482,520,52
482,592,9
482,631,4
482,670,1
482,745,6
482,777,1
482,847,1
482,853,9
483,270,3
483,349,2
483,386,15
483,455,5
483,483,-187
483,484,45
483,489,2
483,520,48
483,592,16
483,631,6
483,745,22
483,777,11
483,847,3
483,853,9
484,349,1
484,386,3
484,420,1
484,455,4
484,484,-93
484,485,31
484,520,19
484,592,6
484,631,6
484,670,1
484,745,10
484,777,1
484,847,2
484,853,8
485,349,1
485,386,2
485,420,2
485,455,2
485,485,-48
485,486,16
485,489,1
485,520,7
485,592,3
485,631,2
485,670,1
485,745,9
485,847,1
485,853,1
486,386,1
486,455,1
486,486,-18
486,487,2
486,520,6
486,592,2
486,631,1
486,670,1
486,745,3
486,777,1
487,455,1
487,487,-3
487,488,1
487,777,1
488,488,-2
488,520,1
488,777,1
489,489,-1133
489,490,1133
490,270,7
490,313,19
490,349,13
490,420,1
490,455,23
490,489,3
490,490,-1697
490,491,637
490,496,872
490,520,6
490,592,1
490,631,22
490,670,2
490,711,45
490,745,7
490,777,32
490,849,6
490,853,1
491,270,3
491,313,18
491,349,7
491,386,2
491,420,3
491,455,12
491,489,2
491,491,-637
491,492,235
491,497,270
491,520,4
491,592,2
491,631,25
491,670,1
491,711,24
491,745,5
491,777,22
491,849,2
492,270,2
492,313,6
492,349,1
492,455,3
492,492,-235
492,493,47
492,498,121
492,520,7
492,631,4
492,670,1
492,711,6
492,745,4
492,777,32
492,845,1
493,270,1
493,455,1
493,493,-47
493,494,12
493,499,21
493,631,2
493,711,2
493,745,1
493,777,7
494,313,1
494,455,2
494,494,-12
494,495,4
494,500,4
494,777,1
495,495,-4
495,501,2
495,631,1
495,777,1
496,270,4
496,313,11
496,349,8
496,386,4
496,455,16
496,489,1
496,496,-872
496,497,308
496,504,443
496,520,3
496,592,3
496,631,20
496,670,4
496,711,20
496,745,3
496,777,23
496,849,1
497,270,1
497,313,8
497,349,14
497,386,1
497,420,2
497,455,12
497,489,3
497,497,-578
497,498,248
497,505,217
497,520,1
497,592,2
497,631,14
497,711,28
497,745,4
497,777,20
497,849,1
497,853,2
498,313,6
498,349,6
498,386,2
498,455,8
498,489,1
498,498,-369
498,499,77
498,506,158
498,520,2
498,592,1
498,631,18
498,711,14
498,745,2
498,777,71
498,845,1
498,853,2
499,349,1
499,386,1
499,420,1
499,455,4
499,499,-98
499,500,15
499,507,34
499,520,3
499,631,3
499,711,5
499,745,2
499,777,29
500,349,2
500,386,1
500,500,-19
500,501,2
500,508,6
500,631,6
500,777,2
501,349,1
501,501,-4
501,502,3
502,489,1
502,502,-3
502,503,1
502,510,1
503,503,-1
503,511,1
504,270,1
504,313,5
504,349,2
504,386,1
504,420,1
504,455,2
504,504,-443
504,505,100
504,512,297
504,520,1
504,631,7
504,711,15
504,745,2
504,777,9
505,270,4
505,313,9
505,349,5
505,350,1
505,386,1
505,420,1
505,455,2
505,505,-317
505,506,130
505,513,116
505,520,1
505,592,3
505,631,11
505,670,1
505,711,18
505,745,2
505,777,11
505,853,1
506,313,6
506,349,6
506,386,1
506,420,1
506,455,6
506,489,2
506,506,-288
506,507,86
506,514,86
506,552,3
506,631,5
506,670,2
506,711,17
506,745,2
506,777,64
506,845,1
507,313,3
507,349,3
507,455,7
507,507,-120
507,508,25
507,515,47
507,631,4
507,711,5
507,745,3
507,777,22
507,849,1
508,270,1
508,349,1
508,508,-31
508,509,10
508,516,6
508,631,2
508,711,3
508,777,7
508,849,1
509,349,1
509,420,1
509,509,-10
509,510,3
509,517,3
509,711,2
510,270,1
510,510,-4
510,511,1
510,711,1
510,777,1
511,511,-2
511,519,1
511,745,1
512,270,1
512,455,2
512,512,-297
512,513,46
512,520,247
512,631,1
513,270,1
513,313,5
513,349,1
513,386,1
513,420,1
513,455,5
513,513,-162
513,514,65
513,520,57
513,592,1
513,631,6
513,670,1
513,711,6
513,745,2
513,777,6
513,845,1
513,849,2
513,853,1
514,270,3
514,313,3
514,349,3
514,421,1
514,455,6
514,514,-151
514,515,34
514,520,39
514,631,6
514,670,3
514,711,11
514,777,40
514,849,1
514,853,1
515,270,2
515,313,1
515,349,2
515,386,2
515,455,2
515,489,1
515,515,-81
515,516,29
515,520,16
515,631,4
515,670,2
515,711,9
515,777,11
516,270,1
516,313,1
516,455,1
516,516,-35
516,517,8
516,520,9
516,631,2
516,711,2
516,777,9
516,849,2
517,386,1
517,517,-11
517,518,4
517,520,1
517,711,2
517,777,3
518,349,1
518,386,1
518,518,-4
518,520,1
518,849,1
519,519,-1
519,777,1
520,520,-1840
520,521,1840
521,270,17
521,349,14
521,386,21
521,420,1
521,455,8
521,489,19
521,520,41
521,521,-1949
521,522,812
521,527,806
521,592,2
521,670,40
521,745,39
521,777,19
521,807,60
521,847,2
521,849,1
521,851,12
521,855,3
521,857,32
522,270,6
522,349,2
522,386,8
522,420,2
522,455,4
522,489,5
522,520,24
522,522,-812
522,523,302
522,528,357
522,670,15
522,745,23
522,777,9
522,807,27
522,855,5
522,857,23
523,270,1
523,349,1
523,386,4
523,420,1
523,455,1
523,489,3
523,520,5
523,523,-302
523,524,68
523,529,122
523,670,9
523,745,11
523,777,4
523,807,62
523,851,1
523,855,1
523,857,8
524,349,1
524,455,1
524,489,1
524,520,2
524,524,-68
524,525,15
524,530,22
524,592,1
524,745,1
524,777,2
524,807,19
524,851,1
524,857,2
525,455,1
525,525,-15
525,526,5
525,531,4
525,745,2
525,807,3
526,270,1
526,526,-5
526,807,3
526,857,1
527,270,3
527,349,2
527,386,13
527,420,3
527,455,7
527,489,10
527,520,16
527,527,-806
527,528,364
527,535,272
527,631,3
527,670,22
527,745,22
527,777,8
527,807,36
527,847,1
527,851,4
527,855,3
527,857,17
528,270,11
528,349,2
528,386,15
528,455,5
528,489,10
528,520,31
528,528,-721
528,529,292
528,536,247
528,552,1
528,670,15
528,745,29
528,777,7
528,807,26
528,847,1
528,851,3
528,855,2
528,857,24
529,270,1
529,349,4
529,386,10
529,455,4
529,489,4
529,520,10
529,529,-414
529,530,102
529,537,154
529,670,14
529,745,10
529,777,5
529,807,80
529,851,4
529,855,3
529,857,9
530,270,3
530,386,4
530,489,1
530,520,4
530,530,-124
530,531,25
530,538,33
530,670,5
530,745,5
530,777,5
530,807,32
530,857,7
531,455,2
531,520,3
531,531,-29
531,532,7
531,539,6
531,711,1
531,745,2
531,807,7
531,851,1
532,532,-7
532,533,3
532,540,3
532,807,1
533,533,-3
533,534,1
533,541,1
533,807,1
534,534,-1
534,807,1
535,270,2
535,349,2
535,386,1
535,420,2
535,455,2
535,489,6
535,520,7
535,535,-272
535,536,124
535,543,83
535,592,1
535,631,1
535,670,5
535,745,12
535,777,5
535,807,11
535,851,1
535,855,3
535,857,4
536,270,8
536,349,2
536,386,6
536,420,1
536,455,4
536,489,6
536,520,8
536,536,-371
536,537,166
536,544,99
536,670,14
536,745,13
536,777,5
536,807,15
536,847,1
536,851,3
536,855,1
536,857,19
537,270,4
537,349,1
537,386,6
537,420,1
537,455,6
537,489,2
537,520,16
537,537,-320
537,538,86
537,545,97
537,592,1
537,631,1
537,670,6
537,745,18
537,777,3
537,807,69
537,857,3
538,349,1
538,386,2
538,420,1
538,455,2
538,489,5
538,520,3
538,538,-119
538,539,41
538,546,30
538,670,4
538,745,3
538,777,2
538,807,20
538,851,4
538,857,1
539,270,1
539,386,1
539,455,1
539,489,1
539,520,2
539,539,-47
539,540,15
539,547,9
539,670,1
539,745,1
539,777,2
539,807,10
539,855,1
539,857,2
540,489,1
540,540,-18
540,541,7
540,548,3
540,670,1
540,777,2
540,807,3
540,857,1
541,541,-8
541,542,1
541,549,3
541,807,4
542,542,-1
542,807,1
543,520,34
543,543,-83
543,544,48
543,745,1
544,270,5
544,349,1
544,386,6
544,420,1
544,455,3
544,520,50
544,544,-147
544,545,61
544,670,4
544,745,6
544,807,4
544,851,1
544,855,2
544,857,3
545,270,5
545,349,2
545,386,4
545,420,2
545,455,3
545,489,5
545,520,36
545,545,-158
545,546,43
545,592,1
545,670,7
545,745,4
545,777,4
545,807,33
545,855,3
545,857,6
546,349,1
546,386,2
546,455,1
546,489,2
546,520,18
546,546,-73
546,547,24
546,670,5
546,745,4
546,777,1
546,807,14
546,851,1
547,270,2
547,420,2
547,489,1
547,520,5
547,547,-33
547,548,6
547,670,3
547,745,2
547,777,1
547,807,10
547,857,1
548,489,1
548,520,3
548,548,-9
548,549,3
548,745,1
548,807,1
549,520,2
549,549,-6
549,550,2
549,807,2
550,550,-2
550,551,1
550,807,1
551,455,1
551,551,-1
552,552,-21758
552,553,21758
553,552,121
553,553,-25391
553,554,11350
553,562,11157
553,592,694
553,631,202
553,711,23
553,845,1844
554,552,69
554,554,-11350
554,555,4219
554,563,5218
554,592,470
554,631,107
554,711,9
554,845,1258
555,552,15
555,555,-4219
555,556,747
555,564,2040
555,592,198
555,631,31
555,711,8
555,845,1180
556,552,4
556,556,-747
556,557,167
556,565,305
556,592,35
556,631,11
556,711,2
556,845,223
557,557,-167
557,558,33
557,566,80
557,592,7
557,631,2
557,845,45
558,552,1
558,558,-33
558,559,8
558,567,12
558,631,1
558,845,11
559,559,-8
559,560,2
559,568,4
559,845,2
560,560,-2
560,561,1
560,569,1
561,561,-1
561,570,1
562,552,111
562,562,-11157
562,563,5032
562,571,4182
562,592,427
562,631,132
562,711,17
562,845,1256
563,552,76
563,563,-10250
563,564,4081
563,572,4005
563,592,526
563,631,133
563,711,13
563,845,1416
564,552,35
564,564,-6121
564,565,1223
564,573,2403
564,592,323
564,631,77
564,711,7
564,845,2053
565,552,7
565,565,-1528
565,566,291
565,574,617
565,592,81
565,631,25
565,711,1
565,845,506
566,552,4
566,566,-371
566,567,77
566,575,136
566,592,20
566,631,8
566,845,126
567,552,1
567,567,-89
567,568,20
567,576,33
567,592,6
567,631,2
567,845,27
568,568,-24
568,569,9
568,577,9
568,592,1
568,845,5
569,569,-10
569,570,4
569,578,2
569,592,1
569,711,1
569,845,2
570,570,-5
570,592,1
570,711,1
570,845,3
571,552,57
571,571,-4182
571,572,2005
571,580,1394
571,592,152
571,631,56
571,711,5
571,845,513
572,552,72
572,572,-6010
572,573,2610
572,581,1816
572,592,358
572,631,108
572,711,11
572,845,1035
573,552,46
573,573,-5013
573,574,1125
573,582,1679
573,592,297
573,631,90
573,711,7
573,845,1769
574,552,17
574,574,-1742
574,575,382
574,583,556
574,592,116
574,631,35
574,711,5
574,845,631
575,552,5
575,575,-518
575,576,122
575,584,165
575,592,35
575,631,15
575,711,2
575,845,174
576,576,-155
576,577,41
576,585,53
576,592,10
576,631,5
576,711,1
576,845,45
577,577,-50
577,578,13
577,586,11
577,592,5
577,631,2
577,845,19
578,578,-15
578,579,1
578,587,6
578,592,2
578,845,6
579,579,-1
579,845,1
580,552,13
580,580,-1394
580,581,809
580,592,528
580,631,3
580,711,1
580,845,40
581,552,58
581,581,-2625
581,582,1170
581,592,899
581,631,59
581,711,3
581,845,436
582,552,48
582,582,-2849
582,583,730
582,592,912
582,631,70
582,711,7
582,845,1082
583,552,24
583,583,-1286
583,584,357
583,592,398
583,631,36
583,711,1
583,845,470
584,552,7
584,584,-522
584,585,164
584,592,159
584,631,12
584,711,1
584,845,179
585,552,5
585,585,-217
585,586,65
585,592,63
585,631,5
585,711,1
585,845,78
586,552,1
586,586,-76
586,587,22
586,592,21
586,631,4
586,845,28
587,587,-28
587,588,12
587,592,5
587,845,11
588,552,1
588,588,-12
588,589,2
588,592,5
588,845,4
589,589,-2
589,590,2
590,590,-2
590,591,1
590,845,1
591,591,-1
591,845,1
592,592,-11938
592,593,11938
593,552,70
593,593,-12242
593,594,5308
593,601,5250
593,631,62
593,670,278
593,711,15
593,745,105
593,777,46
593,845,4
593,847,1097
593,849,7
594,552,37
594,592,2
594,594,-5308
594,595,1953
594,602,2259
594,631,29
594,670,167
594,711,3
594,745,62
594,777,39
594,845,1
594,846,59
594,847,695
594,849,1
594,853,1
595,552,14
595,595,-1953
595,596,292
595,603,948
595,631,12
595,670,47
595,711,2
595,745,18
595,777,10
595,846,20
595,847,588
595,849,1
595,853,1
596,552,1
596,596,-292
596,597,61
596,604,113
596,631,1
596,670,15
596,745,5
596,777,2
596,845,1
596,846,6
596,847,86
596,849,1
597,597,-61
597,598,9
597,605,21
597,631,1
597,670,3
597,845,1
597,847,26
598,598,-9
598,599,2
598,606,2
598,670,1
598,847,4
599,599,-2
599,600,1
599,607,1
600,600,-1
600,608,1
601,552,54
601,592,1
601,601,-5250
601,602,2273
601,610,1897
601,631,31
601,670,171
601,711,13
601,745,60
601,777,31
601,845,2
601,846,53
601,847,659
601,849,4
601,853,1
602,552,43
602,602,-4532
602,603,1767
602,611,1712
602,631,27
602,670,153
602,711,10
602,745,55
602,777,32
602,845,1
602,846,45
602,847,681
602,849,6
603,552,19
603,603,-2715
603,604,556
603,612,964
603,631,17
603,670,128
603,711,4
603,745,40
603,777,29
603,845,1
603,846,29
603,847,927
603,853,1
604,552,2
604,604,-669
604,605,135
604,613,243
604,631,4
604,670,27
604,711,2
604,745,11
604,777,8
604,846,9
604,847,228
605,552,1
605,605,-156
605,606,36
605,614,44
605,670,15
605,711,1
605,745,1
605,777,1
605,846,2
605,847,55
606,552,1
606,606,-38
606,607,6
606,615,10
606,670,4
606,745,1
606,847,16
607,607,-7
607,608,2
607,616,1
607,670,1
607,745,1
607,847,2
608,608,-3
608,609,1
608,617,1
608,847,1
609,609,-1
609,618,1
610,552,22
610,610,-1897
610,611,875
610,620,627
610,631,11
610,670,58
610,711,5
610,745,37
610,777,18
610,845,1
610,846,9
610,847,231
610,849,3
611,552,34
611,592,4
611,611,-2587
611,612,1071
611,621,810
611,631,21
611,670,105
611,711,8
611,745,41
611,777,30
611,846,20
611,847,438
611,849,4
611,853,1
612,552,17
612,592,1
612,612,-2035
612,613,468
612,622,627
612,631,23
612,670,86
612,711,2
612,745,37
612,777,20
612,845,1
612,846,23
612,847,729
612,849,1
613,552,4
613,592,1
613,613,-711
613,614,172
613,623,224
613,631,6
613,670,27
613,711,1
613,745,10
613,777,2
613,845,1
613,846,5
613,847,257
613,849,1
614,552,3
614,614,-216
614,615,61
614,624,58
614,631,2
614,670,18
614,711,1
614,745,2
614,846,1
614,847,68
614,849,2
615,615,-71
615,616,26
615,625,19
615,670,2
615,745,2
615,847,22
616,552,1
616,616,-27
616,617,9
616,626,6
616,670,2
616,847,9
617,617,-10
617,618,4
617,627,1
617,745,1
617,847,3
617,849,1
618,618,-5
618,619,2
618,670,1
618,847,2
619,619,-2
619,847,2
620,552,6
620,620,-627
620,621,322
620,631,1
620,670,272
620,711,1
620,745,3
620,777,3
620,846,1
620,847,18
621,552,20
621,621,-1132
621,622,468
621,631,9
621,670,398
621,711,7
621,745,14
621,777,8
621,845,1
621,846,4
621,847,203
622,552,20
622,622,-1095
622,623,285
622,631,14
622,670,310
622,711,3
622,745,38
622,777,5
622,845,1
622,847,418
622,849,1
623,552,7
623,623,-509
623,624,139
623,631,11
623,670,130
623,711,5
623,745,21
623,777,1
623,847,193
623,849,2
624,552,5
624,592,1
624,624,-197
624,625,60
624,631,2
624,670,53
624,745,5
624,777,1
624,847,70
625,552,3
625,625,-79
625,626,25
625,631,3
625,670,15
625,745,3
625,777,2
625,847,28
626,552,2
626,626,-31
626,627,3
626,631,1
626,670,11
626,745,2
626,847,12
627,627,-4
627,628,1
627,670,2
627,847,1
628,628,-1
628,629,1
629,629,-1
629,630,1
630,630,-1
630,847,1
631,631,-5488
631,632,5488
632,552,20
632,592,106
632,631,60
632,632,-7476
632,633,2998
632,640,3763
632,670,15
632,711,4
632,745,29
632,777,1
632,845,9
632,847,13
632,849,458
633,552,13
633,592,49
633,631,38
633,633,-2998
633,634,1185
633,641,1357
633,670,8
633,711,5
633,745,20
633,845,3
633,847,4
633,849,316
634,552,7
634,592,19
634,631,14
634,634,-1185
634,635,189
634,642,610
634,670,4
634,711,1
634,745,6
634,845,1
634,846,1
634,847,2
634,849,331
635,552,2
635,592,3
635,631,2
635,635,-189
635,636,45
635,643,76
635,670,1
635,745,2
635,849,58
636,592,1
636,636,-45
636,637,14
636,644,19
636,745,1
636,846,1
636,849,9
637,631,1
637,637,-14
637,638,6
637,645,2
637,849,5
638,638,-6
638,639,1
638,646,2
638,849,3
639,639,-1
639,849,1
640,552,16
640,592,51
640,631,46
640,640,-3763
640,641,1551
640,650,1737
640,670,3
640,711,3
640,745,18
640,845,6
640,846,2
640,847,7
640,849,323
641,552,19
641,592,61
641,631,50
641,641,-2908
641,642,1166
641,651,1219
641,670,7
641,711,5
641,745,12
641,777,1
641,845,3
641,846,1
641,847,7
641,849,357
642,552,8
642,592,48
642,631,23
642,642,-1776
642,643,347
642,652,758
642,670,5
642,711,2
642,745,18
642,845,6
642,846,1
642,847,8
642,849,552
643,552,3
643,592,14
643,631,6
643,643,-423
643,644,102
643,653,166
643,670,2
643,711,1
643,745,4
643,845,1
643,847,1
643,849,123
644,592,4
644,631,1
644,644,-121
644,645,32
644,654,40
644,670,1
644,745,4
644,849,39
645,592,2
645,645,-34
645,646,10
645,655,11
645,849,11
646,646,-12
646,647,2
646,656,6
646,849,4
647,647,-2
647,648,2
648,648,-2
648,649,1
648,658,1
649,649,-1
649,659,1
650,552,14
650,592,16
650,631,30
650,650,-1737
650,651,679
650,661,851
650,670,1
650,711,4
650,745,9
650,845,3
650,846,1
650,847,4
650,849,125
651,552,21
651,592,55
651,631,30
651,651,-1898
651,652,768
651,662,722
651,670,3
651,711,3
651,745,11
651,845,2
651,846,3
651,847,3
651,849,277
652,552,10
652,592,45
652,631,34
652,652,-1526
652,653,353
652,663,540
652,670,3
652,711,3
652,745,12
652,847,7
652,849,519
653,552,4
653,592,13
653,631,10
653,653,-519
653,654,116
653,664,201
653,670,4
653,711,3
653,745,7
653,845,2
653,847,1
653,849,158
654,552,1
654,592,2
654,631,9
654,654,-156
654,655,33
654,665,61
654,745,2
654,847,1
654,849,47
655,552,1
655,592,6
655,655,-44
655,656,7
655,666,13
655,849,17
656,552,1
656,592,2
656,656,-13
656,657,4
656,667,3
656,849,3
657,592,1
657,657,-4
657,745,1
657,849,2
658,658,-1
658,669,1
659,659,-1
659,660,1
660,660,-1
660,849,1
661,552,1
661,592,1
661,631,5
661,661,-851
661,662,252
661,670,577
661,745,3
661,846,1
661,849,11
662,552,7
662,592,24
662,631,15
662,662,-974
662,663,424
662,670,348
662,711,3
662,745,15
662,845,7
662,846,2
662,847,3
662,849,126
663,552,9
663,592,43
663,631,26
663,663,-964
663,664,272
663,670,242
663,711,5
663,745,13
663,777,1
663,845,1
663,846,3
663,847,6
663,849,343
664,552,11
664,592,19
664,631,10
664,664,-473
664,665,131
664,670,127
664,711,2
664,745,9
664,845,1
664,847,2
664,849,161
665,552,5
665,592,6
665,631,4
665,665,-192
665,666,49
665,670,47
665,745,3
665,845,1
665,846,1
665,847,2
665,849,74
666,552,1
666,592,2
666,631,2
666,666,-62
666,667,10
666,670,15
666,745,2
666,849,30
667,592,1
667,667,-13
667,668,3
667,670,3
667,745,1
667,849,5
668,668,-3
668,669,2
668,849,1
669,592,2
669,669,-3
669,849,1
670,670,-6011
670,671,6011
671,552,52
671,631,34
671,670,51
671,671,-6448
671,672,2815
671,679,2801
671,711,9
671,745,47
671,777,29
671,807,52
671,845,1
671,847,5
671,851,477
671,853,1
671,855,74
672,552,12
672,631,15
672,670,39
672,672,-2815
672,673,1086
672,680,1252
672,711,7
672,745,24
672,777,19
672,807,32
672,847,2
672,848,3
672,849,2
672,850,1
672,851,266
672,853,1
672,855,54
673,552,8
673,631,2
673,670,14
673,673,-1086
673,674,181
673,681,521
673,711,2
673,745,11
673,777,7
673,807,11
673,847,5
673,848,1
673,851,308
673,855,15
674,631,1
674,670,1
674,674,-181
674,675,44
674,682,82
674,745,3
674,777,1
674,807,1
674,851,44
674,855,4
675,670,2
675,675,-44
675,676,6
675,683,18
675,711,2
675,777,1
675,807,1
675,851,13
675,855,1
676,670,1
676,676,-6
676,677,1
676,684,3
676,807,1
677,677,-1
677,678,1
678,678,-1
678,686,1
679,552,24
679,631,24
679,670,32
679,679,-2801
679,680,1320
679,688,974
679,711,6
679,745,29
679,777,18
679,807,22
679,845,1
679,847,1
679,848,3
679,849,2
679,850,2
679,851,272
679,853,1
679,855,69
679,857,1
680,552,19
680,631,19
680,670,30
680,680,-2572
680,681,1055
680,689,979
680,711,5
680,745,32
680,777,22
680,807,40
680,847,4
680,848,2
680,849,3
680,851,305
680,855,57
681,552,15
681,631,14
681,670,24
681,681,-1576
681,682,316
681,690,583
681,745,23
681,777,9
681,807,21
681,847,6
681,848,2
681,849,1
681,851,527
681,855,35
682,552,3
682,631,3
682,670,7
682,682,-398
682,683,83
682,691,137
682,745,7
682,777,5
682,807,7
682,847,1
682,848,1
682,851,139
682,855,5
683,552,1
683,631,1
683,670,4
683,683,-101
683,684,19
683,692,38
683,807,3
683,851,33
683,855,2
684,552,1
684,684,-22
684,685,6
684,693,7
684,851,7
684,855,1
685,685,-6
685,686,2
685,694,1
685,745,1
685,851,2
686,686,-3
686,687,1
686,695,1
686,851,1
687,687,-1
687,777,1
688,552,8
688,631,11
688,670,17
688,688,-974
688,689,448
688,700,331
688,711,3
688,745,16
688,777,14
688,807,7
688,849,1
688,851,98
688,855,20
689,552,8
689,631,12
689,670,28
689,689,-1427
689,690,633
689,701,483
689,711,3
689,745,21
689,777,9
689,807,13
689,847,1
689,848,2
689,849,4
689,851,175
689,853,1
689,855,34
690,552,1
690,631,15
690,670,23
690,690,-1216
690,691,237
690,702,375
690,711,5
690,745,17
690,777,9
690,807,18
690,847,2
690,848,1
690,849,1
690,851,475
690,855,37
691,552,8
691,631,3
691,670,10
691,691,-374
691,692,94
691,703,112
691,745,6
691,777,2
691,807,5
691,851,123
691,855,11
692,552,1
692,670,4
692,692,-132
692,693,39
692,704,41
692,745,5
692,777,1
692,807,2
692,851,33
692,853,1
692,855,5
693,552,2
693,631,2
693,670,1
693,693,-46
693,694,10
693,705,13
693,745,1
693,851,15
693,855,2
694,670,1
694,694,-11
694,695,3
694,706,4
694,851,3
695,695,-4
695,696,2
695,851,2
696,696,-2
696,697,2
697,697,-2
697,698,1
697,851,1
698,698,-1
698,699,1
699,699,-1
699,709,1
700,552,1
700,631,1
700,670,1
700,700,-331
700,701,191
700,711,2
700,745,2
700,807,123
700,851,10
701,552,8
701,631,3
701,670,11
701,701,-674
701,702,303
701,711,3
701,745,6
701,777,4
701,807,223
701,851,101
701,855,12
702,552,8
702,592,1
702,631,16
702,670,11
702,702,-678
702,703,165
702,711,3
702,745,30
702,777,4
702,807,170
702,848,1
702,851,268
702,855,1
703,552,4
703,631,6
703,670,2
703,703,-277
703,704,77
703,745,6
703,777,2
703,807,70
703,845,1
703,849,1
703,851,108
704,552,3
704,631,2
704,670,1
704,704,-118
704,705,27
704,745,5
704,807,31
704,851,49
705,631,1
705,670,1
705,705,-40
705,706,9
705,745,3
705,807,13
705,847,1
705,851,12
706,670,1
706,706,-13
706,707,5
706,807,1
706,851,6
707,707,-5
707,708,3
707,745,1
707,851,1
708,708,-3
708,807,2
708,851,1
709,709,-1
709,710,1
710,710,-1
710,851,1
711,711,-2314
711,712,2314
712,552,14
712,592,59
712,631,21
712,711,4
712,712,-3035
712,713,1211
712,718,1516
712,745,10
712,853,200
713,552,5
713,592,33
713,631,8
713,711,1
713,713,-1211
713,714,446
713,719,601
713,745,3
713,845,1
713,846,1
713,853,112
714,552,2
714,592,6
714,631,3
714,711,1
714,714,-446
714,715,65
714,720,260
714,853,109
715,592,2
715,715,-65
715,716,14
715,721,33
715,853,16
716,592,1
716,716,-14
716,717,3
716,722,8
716,853,2
717,717,-3
717,853,3
718,552,10
718,592,47
718,631,13
718,711,1
718,718,-1516
718,719,605
718,725,681
718,745,5
718,846,1
718,853,153
719,552,6
719,592,57
719,631,13
719,711,1
719,719,-1206
719,720,463
719,726,511
719,745,5
719,845,1
719,853,149
720,552,6
720,592,33
720,631,6
720,711,1
720,720,-723
720,721,141
720,727,306
720,745,6
720,853,224
721,592,7
721,631,10
721,711,1
721,721,-174
721,722,26
721,728,76
721,853,54
722,592,1
722,722,-34
722,723,7
722,729,14
722,853,12
723,592,2
723,723,-7
723,724,1
723,730,2
723,853,2
724,724,-1
724,731,1
725,552,4
725,592,27
725,631,12
725,725,-681
725,726,251
725,735,338
725,853,49
726,552,6
726,592,28
726,631,21
726,711,2
726,726,-762
726,727,331
726,736,270
726,745,1
726,845,2
726,853,101
727,552,3
727,592,32
727,631,8
727,727,-637
727,728,159
727,737,219
727,745,4
727,853,212
728,552,2
728,592,14
728,631,4
728,711,1
728,728,-235
728,729,57
728,738,83
728,853,74
729,592,4
729,631,1
729,729,-71
729,730,13
729,739,22
729,845,1
729,853,30
730,592,1
730,730,-15
730,731,3
730,740,6
730,853,5
731,731,-4
731,732,4
732,631,1
732,732,-4
732,733,1
732,742,1
732,853,1
733,733,-1
733,734,1
734,734,-1
734,744,1
735,592,2
735,631,1
735,735,-338
735,736,104
735,745,222
735,853,9
736,552,5
736,592,21
736,631,8
736,736,-374
736,737,165
736,745,129
736,853,46
737,552,6
737,592,15
737,631,11
737,711,1
737,737,-384
737,738,92
737,745,124
737,853,135
738,552,4
738,592,11
738,631,6
738,738,-175
738,739,39
738,745,45
738,853,70
739,552,2
739,592,3
739,739,-61
739,740,14
739,745,18
739,853,24
740,552,1
740,631,1
740,740,-20
740,741,8
740,745,4
740,853,6
741,592,1
741,741,-8
741,742,5
741,745,1
741,853,1
742,742,-6
742,743,1
742,745,2
742,853,3
743,743,-1
743,744,1
744,631,1
744,744,-2
744,853,1
745,745,-2725
745,746,2725
746,552,13
746,631,12
746,670,63
746,711,5
746,745,36
746,746,-2917
746,747,1223
746,752,1247
746,777,22
746,807,4
746,845,1
746,855,291
747,552,10
747,631,9
747,670,33
747,711,1
747,745,7
747,747,-1223
747,748,455
747,753,518
747,777,4
747,807,4
747,847,1
747,855,181
748,552,1
748,631,1
748,670,18
748,711,1
748,745,3
748,748,-455
748,749,82
748,754,186
748,777,1
748,807,2
748,848,2
748,854,2
748,855,156
749,670,5
749,745,1
749,749,-82
749,750,11
749,755,32
749,777,2
749,855,31
750,670,1
750,750,-11
750,751,4
750,756,3
750,855,3
751,751,-4
751,757,2
751,855,2
752,552,15
752,631,6
752,670,29
752,711,3
752,745,15
752,752,-1247
752,753,515
752,761,503
752,777,3
752,807,3
752,848,1
752,854,4
752,855,150
753,552,7
753,631,10
753,670,35
753,745,13
753,753,-1033
753,754,416
753,762,392
753,777,6
753,807,5
753,848,2
753,854,2
753,855,145
754,552,1
754,631,5
754,670,14
754,711,1
754,745,16
754,754,-602
754,755,121
754,763,209
754,777,3
754,807,5
754,845,2
754,848,5
754,854,1
754,855,219
755,552,1
755,670,3
755,745,3
755,755,-153
755,756,35
755,764,44
755,855,67
756,631,1
756,670,1
756,745,1
756,756,-38
756,757,12
756,765,13
756,855,10
757,670,1
757,757,-14
757,758,5
757,766,4
757,855,4
758,758,-5
758,759,3
758,855,2
759,759,-3
759,760,2
759,855,1
760,760,-2
760,855,2
761,552,3
761,592,1
761,631,6
761,670,15
761,711,1
761,745,6
761,761,-503
761,762,230
761,769,186
761,777,8
761,855,47
762,552,5
762,631,2
762,670,30
762,711,2
762,745,13
762,762,-622
762,763,250
762,770,214
762,777,2
762,845,1
762,848,1
762,849,2
762,853,1
762,854,3
762,855,96
763,552,3
763,592,1
763,631,2
763,670,13
763,711,1
763,745,8
763,763,-459
763,764,98
763,771,151
763,777,1
763,847,1
763,854,1
763,855,179
764,552,2
764,631,1
764,670,4
764,711,2
764,745,3
764,764,-142
764,765,33
764,772,37
764,777,4
764,855,56
765,552,1
765,670,3
765,745,1
765,765,-46
765,766,12
765,773,11
765,777,1
765,849,1
765,855,16
766,631,1
766,670,2
766,766,-16
766,767,7
766,774,4
766,855,2
767,670,1
767,767,-7
767,768,3
767,775,1
767,855,2
768,552,1
768,670,1
768,768,-3
768,855,1
769,552,3
769,670,1
769,745,2
769,769,-186
769,770,102
769,807,74
769,855,4
770,552,8
770,631,3
770,670,6
770,745,2
770,770,-316
770,771,139
770,777,4
770,807,96
770,847,1
770,854,1
770,855,56
771,552,3
771,631,8
771,670,4
771,711,1
771,745,8
771,771,-290
771,772,89
771,777,2
771,807,70
771,855,105
772,631,3
772,670,5
772,711,1
772,745,4
772,772,-126
772,773,28
772,807,28
772,851,1
772,855,56
773,552,2
773,631,1
773,745,4
773,773,-39
773,774,9
773,807,7
773,855,16
774,631,1
774,670,1
774,745,1
774,774,-13
774,775,4
774,807,3
774,855,3
775,775,-5
775,776,3
775,855,2
776,776,-3
776,855,3
777,777,-1289
777,778,1289
778,552,3
778,592,19
778,631,11
778,711,2
778,745,12
778,778,-1914
778,779,792
778,783,957
778,807,7
778,845,1
778,847,2
778,855,1
778,857,107
779,552,7
779,592,17
779,631,6
779,711,1
779,745,3
779,779,-792
779,780,287
779,784,393
779,845,1
779,850,1
779,857,76
780,552,1
780,592,3
780,631,2
780,745,1
780,780,-287
780,781,46
780,785,152
780,845,1
780,847,1
780,857,80
781,745,1
781,781,-46
781,782,10
781,786,22
781,857,13
782,782,-10
782,787,4
782,807,1
782,857,5
783,552,4
783,592,22
783,631,7
783,711,1
783,745,2
783,783,-957
783,784,381
783,790,458
783,845,2
783,857,80
784,552,2
784,592,15
784,631,11
784,670,1
784,711,4
784,745,5
784,784,-774
784,785,330
784,791,324
784,807,2
784,845,2
784,855,1
784,857,77
785,552,5
785,592,13
785,631,6
785,712,1
785,745,4
785,785,-482
785,786,97
785,792,199
785,807,4
785,845,1
785,857,152
786,552,2
786,592,2
786,631,5
786,745,2
786,786,-119
786,787,29
786,793,51
786,807,2
786,845,1
786,857,25
787,787,-33
787,788,7
787,794,10
787,857,16
788,788,-7
788,789,4
788,795,3
789,552,1
789,789,-4
789,796,1
789,807,1
789,857,1
790,552,3
790,592,5
790,631,5
790,711,1
790,745,1
790,790,-458
790,791,168
790,799,233
790,847,2
790,857,40
791,552,2
791,592,14
791,631,16
791,711,1
791,745,7
791,791,-492
791,792,220
791,800,152
791,807,2
791,847,1
791,857,77
792,552,1
792,592,20
792,631,10
792,670,1
792,745,5
792,777,1
792,792,-419
792,793,95
792,801,159
792,807,2
792,845,1
792,846,1
792,847,2
792,857,121
793,592,7
793,631,7
793,745,1
793,793,-146
793,794,30
793,802,55
793,857,46
794,552,1
794,592,1
794,631,2
794,745,2
794,794,-40
794,795,10
794,803,11
794,857,13
795,592,1
795,795,-13
795,796,2
795,804,2
795,857,8
796,796,-3
796,797,1
796,805,1
796,857,1
797,797,-1
797,798,1
798,798,-1
798,857,1
799,592,1
799,631,1
799,799,-233
799,800,46
799,807,184
799,857,1
800,552,1
800,592,8
800,631,7
800,745,5
800,800,-198
800,801,85
800,807,63
800,845,1
800,855,1
800,857,27
801,592,9
801,631,6
801,745,4
801,801,-244
801,802,64
801,807,60
801,847,2
801,857,99
802,592,3
802,631,3
802,745,1
802,802,-119
802,803,29
802,807,25
802,847,1
802,857,57
803,803,-40
803,804,20
803,807,9
803,845,1
803,857,10
804,592,1
804,631,3
804,804,-22
804,805,7
804,807,4
804,857,7
805,552,1
805,631,1
805,805,-8
805,806,1
805,807,3
805,857,2
806,592,1
806,806,-1
807,807,-2272
807,808,2272
808,552,12
808,631,11
808,670,11
808,711,7
808,745,13
808,777,12
808,807,20
808,808,-2359
808,809,1065
808,815,1016
808,847,1
808,849,1
808,851,1
808,853,1
808,855,1
808,859,187
809,552,5
809,631,5
809,670,6
809,711,4
809,745,10
809,777,10
809,807,18
809,809,-1065
809,810,429
809,816,455
809,845,1
809,847,2
809,851,1
809,852,2
809,859,117
810,552,4
810,631,3
810,670,3
810,745,5
810,777,1
810,807,6
810,810,-429
810,811,82
810,817,192
810,849,2
810,859,131
811,552,1
811,631,1
811,670,2
811,745,1
811,807,3
811,811,-82
811,812,15
811,818,33
811,859,26
812,670,1
812,812,-15
812,813,5
812,819,8
812,859,1
813,813,-5
813,814,1
813,820,1
813,859,3
814,814,-1
814,859,1
815,552,9
815,592,1
815,631,3
815,670,15
815,711,2
815,745,9
815,777,6
815,807,14
815,815,-1016
815,816,472
815,823,371
815,849,2
815,851,1
815,859,111
816,552,7
816,631,1
816,670,18
816,745,11
816,777,12
816,807,16
816,816,-927
816,817,407
816,824,316
816,849,2
816,851,1
816,855,1
816,859,135
817,552,2
817,631,3
817,670,13
817,711,3
817,745,1
817,777,6
817,807,7
817,817,-599
817,818,123
817,825,241
817,847,1
817,859,199
818,552,2
818,631,1
818,670,3
818,745,1
818,777,3
818,807,2
818,818,-156
818,819,41
818,826,51
818,847,2
818,859,50
819,552,1
819,670,3
819,745,1
819,807,1
819,819,-49
819,820,9
819,827,17
819,859,17
820,670,1
820,820,-10
820,821,2
820,828,3
820,859,4
821,821,-2
821,822,1
821,859,1
822,822,-1
822,859,1
823,552,3
823,670,4
823,711,2
823,745,1
823,777,1
823,807,1
823,823,-371
823,824,190
823,833,120
823,847,1
823,855,1
823,859,47
824,552,6
824,631,4
824,670,11
824,711,2
824,745,6
824,777,10
824,807,9
824,824,-506
824,825,220
824,834,156
824,849,1
824,851,1
824,853,1
824,858,1
824,859,78
825,552,6
825,631,4
825,670,9
825,711,2
825,745,10
825,777,1
825,807,7
825,825,-461
825,826,113
825,835,132
825,859,177
826,552,3
826,631,2
826,670,5
826,745,1
826,777,1
826,807,5
826,826,-164
826,827,37
826,836,50
826,849,1
826,851,1
826,859,58
827,670,1
827,807,1
827,827,-54
827,828,14
827,837,14
827,859,24
828,828,-17
828,829,8
828,838,2
828,859,7
829,829,-8
829,830,2
829,839,2
829,859,4
830,830,-2
830,831,1
830,840,1
831,831,-1
831,832,1
832,832,-1
832,842,1
833,631,1
833,745,1
833,807,47
833,833,-120
833,834,71
834,552,4
834,631,3
834,670,2
834,711,2
834,745,6
834,777,1
834,807,63
834,834,-227
834,835,101
834,851,3
834,859,42
835,552,4
835,631,6
835,670,4
835,711,1
835,745,9
835,807,54
835,835,-233
835,836,62
835,849,1
835,851,1
835,859,91
836,552,4
836,670,1
836,711,1
836,745,5
836,807,24
836,836,-112
836,837,41
836,859,36
837,552,1
837,807,16
837,837,-55
837,838,16
837,859,22
838,631,1
838,745,2
838,807,4
838,838,-18
838,839,7
838,859,4
839,807,1
839,839,-9
839,840,5
839,859,3
840,840,-6
840,841,2
840,859,4
841,807,1
841,841,-2
841,842,1
842,842,-2
842,843,1
842,859,1
843,843,-1
843,844,1
844,844,-1
844,859,1
845,845,-16062
845,846,16062
847,847,-6893
847,848,6893
849,849,-4496
849,850,4496
851,851,-3433
851,852,3433
853,853,-1857
853,854,1857
855,855,-2010
855,856,2010
857,857,-1167
857,858,1167
859,859,-1396
859,860,1396
