868,0,0
0,0,0
256,288,0
257,152,0
258,40,0
259,16,0
260,2,0
261,1,0
262,0,0
263,0,0
320,147,0
321,159,0
322,70,0
323,27,0
324,10,0
325,1,0
326,0,0
327,0,0
328,0,0
384,91,0
385,129,0
386,90,0
387,40,0
388,18,0
389,9,0
390,3,0
391,0,0
392,0,0
393,0,0
448,7,0
449,76,0
450,65,0
451,37,0
452,19,0
453,11,0
454,2,0
455,1,0
456,1,0
457,1,0
458,0,0
459,0,0
460,0,0
461,0,0
512,0,0
768,153,0
769,91,0
770,40,0
771,4,0
772,4,0
773,0,0
774,0,0
832,96,0
833,80,0
834,44,0
835,11,0
836,2,0
837,4,0
838,0,0
896,42,0
897,50,0
898,43,0
899,22,0
900,12,0
901,6,0
902,2,0
903,0,0
904,0,0
905,0,0
960,7,0
961,33,0
962,46,0
963,29,0
964,3,0
965,4,0
966,0,0
967,0,0
968,0,0
969,0,0
970,0,0
971,0,0
972,0,0
973,0,0
974,0,0
975,0,0
976,0,0
977,0,0
1024,0,0
1280,76,0
1281,71,0
1282,20,0
1283,0,0
1284,1,0
1285,0,0
1286,0,0
1344,46,0
1345,40,0
1346,25,0
1347,10,0
1348,1,0
1349,1,0
1350,0,0
1408,17,0
1409,37,0
1410,42,0
1411,21,0
1412,9,0
1413,1,0
1414,0,0
1415,0,0
1472,0,0
1473,20,0
1474,15,0
1475,13,0
1476,3,0
1477,0,0
1478,0,0
1479,1,0
1480,0,0
1481,0,0
1482,2,0
1536,0,0
1792,107,0
1793,67,0
1794,15,0
1795,9,0
1796,0,0
1797,1,0
1798,0,0
1856,44,0
1857,74,0
1858,54,0
1859,14,0
1860,2,0
1861,0,0
1862,0,0
1863,0,0
1920,27,0
1921,21,0
1922,24,0
1923,20,0
1924,7,0
1925,0,0
1926,5,0
1927,0,0
1928,0,0
1984,3,0
1985,21,0
1986,28,0
1987,6,0
1988,5,0
1989,0,0
1990,3,0
1991,0,0
2048,0,0
2304,30,0
2305,17,0
2306,9,0
2307,4,0
2308,1,0
2309,0,0
2368,21,0
2369,28,0
2370,19,0
2371,2,0
2372,0,0
2373,1,0
2374,0,0
2432,4,0
2433,16,0
2434,13,0
2435,7,0
2436,5,0
2437,1,0
2438,1,0
2496,3,0
2497,7,0
2498,15,0
2499,3,0
2500,3,0
2501,0,0
2502,0,0
2503,0,0
2560,0,0
2816,113,0
2817,67,0
2818,26,0
2819,9,0
2820,0,0
2821,0,0
2822,0,0
2880,58,0
2881,53,0
2882,32,0
2883,11,0
2884,3,0
2885,2,0
2886,0,0
2887,3,0
2944,31,0
2945,42,0
2946,28,0
2947,14,0
2948,7,0
2949,4,0
2950,1,0
2951,0,0
2952,0,0
2953,3,0
3008,4,0
3009,18,0
3010,15,0
3011,10,0
3012,8,0
3013,1,0
3014,0,0
3015,0,0
3016,0,0
3072,0,0
3328,70,0
3329,38,0
3330,13,0
3331,1,0
3332,1,0
3333,0,0
3392,35,0
3393,45,0
3394,21,0
3395,6,0
3396,2,0
3397,1,0
3456,15,0
3457,35,0
3458,25,0
3459,17,0
3460,3,0
3461,1,0
3462,0,0
3463,0,0
3520,1,0
3521,21,0
3522,21,0
3523,8,0
3524,1,0
3525,1,0
3526,0,0
3527,1,0
3584,0,0
3840,102,0
3841,36,0
3842,30,0
3843,10,0
3844,2,0
3904,72,0
3905,53,0
3906,35,0
3907,17,0
3908,2,0
3909,0,0
3910,1,0
3968,20,0
3969,38,0
3970,33,0
3971,6,0
3972,2,0
3973,3,0
4032,9,0
4033,22,0
4034,38,0
4035,20,0
4036,5,0
4037,4,0
4038,1,0
4096,0,0
4352,144,0
4353,106,0
4354,32,0
4355,7,0
4356,0,0
4357,1,0
4358,0,0
4359,0,0
4360,0,0
4361,0,0
4416,102,0
4417,136,0
4418,49,0
4419,16,0
4420,7,0
4421,2,0
4422,0,0
4423,0,0
4424,0,0
4425,0,0
4480,69,0
4481,76,0
4482,73,0
4483,26,0
4484,10,0
4485,6,0
4486,1,0
4487,0,0
4488,0,0
4489,0,0
4490,0,0
4491,0,0
4544,10,0
4545,62,0
4546,61,0
4547,31,0
4548,9,0
4549,8,0
4550,2,0
4551,2,0
4552,0,0
4553,0,0
4554,0,0
4608,0,0
4864,214,0
4865,122,0
4866,49,0
4867,3,0
4868,4,0
4869,0,0
4870,0,0
4871,0,0
4928,116,0
4929,125,0
4930,68,0
4931,14,0
4932,5,0
4933,0,0
4934,1,0
4935,0,0
4936,0,0
4937,0,0
4992,35,0
4993,87,0
4994,38,0
4995,21,0
4996,3,0
4997,0,0
4998,0,0
4999,0,0
5000,0,0
5001,0,0
5056,15,0
5057,55,0
5058,54,0
5059,26,0
5060,17,0
5061,10,0
5062,2,0
5063,0,0
5064,0,0
5065,0,0
5066,0,0
5120,0,0
5376,136,0
5377,81,0
5378,46,0
5379,12,0
5380,3,0
5381,0,0
5382,0,0
5440,78,0
5441,104,0
5442,49,0
5443,20,0
5444,1,0
5445,2,0
5446,0,0
5447,0,0
5448,0,0
5504,32,0
5505,70,0
5506,58,0
5507,25,0
5508,15,0
5509,1,0
5510,1,0
5511,0,0
5568,4,0
5569,27,0
5570,54,0
5571,20,0
5572,9,0
5573,5,0
5574,1,0
5575,3,0
5576,0,0
5632,0,0
5888,180,0
5889,131,0
5890,62,0
5891,23,0
5892,1,0
5893,0,0
5894,0,0
5952,114,0
5953,133,0
5954,67,0
5955,24,0
5956,11,0
5957,0,0
5958,0,0
5959,0,0
5960,0,0
5961,0,0
6016,43,0
6017,70,0
6018,66,0
6019,28,0
6020,3,0
6021,5,0
6022,1,0
6023,4,0
6024,0,0
6025,0,0
6080,6,0
6081,44,0
6082,62,0
6083,30,0
6084,17,0
6085,3,0
6086,0,0
6087,5,0
6088,0,0
6089,0,0
6144,0,0
6400,136,0
6401,88,0
6402,38,0
6403,11,0
6404,5,0
6405,0,0
6406,0,0
6464,84,0
6465,85,0
6466,51,0
6467,20,0
6468,6,0
6469,2,0
6470,0,0
6528,30,0
6529,71,0
6530,61,0
6531,21,0
6532,12,0
6533,6,0
6534,3,0
6535,1,0
6536,0,0
6537,0,0
6538,0,0
6539,0,0
6540,0,0
6592,10,0
6593,34,0
6594,52,0
6595,23,0
6596,14,0
6597,3,0
6598,2,0
6604,0,0
6605,0,0
6656,0,0
6912,246,0
6913,132,0
6914,60,0
6915,6,0
6916,2,0
6976,133,0
6977,126,0
6978,97,0
6979,22,0
6980,1,0
6981,3,0
6982,2,0
6983,0,0
7040,48,0
7041,64,0
7042,53,0
7043,23,0
7044,11,0
7045,4,0
7046,0,0
7047,0,0
7048,0,0
7049,1,0
7104,10,0
7105,30,0
7106,37,0
7107,22,0
7108,10,0
7109,1,0
7110,4,0
7111,1,0
7168,0,0
7424,159,0
7425,104,0
7426,36,0
7427,6,0
7428,2,0
7429,0,0
7488,90,0
7489,104,0
7490,73,0
7491,21,0
7492,0,0
7493,4,0
7494,1,0
7495,0,0
7552,30,0
7553,53,0
7554,75,0
7555,32,0
7556,14,0
7557,3,0
7558,1,0
7559,3,0
7560,0,0
7616,10,0
7617,28,0
7618,31,0
7619,26,0
7620,11,0
7621,6,0
7622,1,0
7623,3,0
7624,0,0
7625,3,0
7626,2,0
7680,0,0
7936,219,0
7937,113,0
7938,67,0
7939,12,0
7940,5,0
7941,4,0
7942,1,0
7943,0,0
8000,135,0
8001,114,0
8002,89,0
8003,35,0
8004,6,0
8005,1,0
8006,0,0
8007,1,0
8008,0,0
8064,33,0
8065,69,0
8066,59,0
8067,42,0
8068,10,0
8069,7,0
8070,0,0
8071,0,0
8072,0,0
8128,35,0
8129,72,0
8130,80,0
8131,23,0
8132,20,0
8133,10,0
8134,4,0
8135,2,0
8192,0,0
8448,118,0
8449,89,0
8450,24,0
8451,6,0
8452,1,0
8453,0,0
8454,0,0
8455,0,0
8512,72,0
8513,105,0
8514,32,0
8515,10,0
8516,3,0
8517,2,0
8518,0,0
8519,0,0
8520,0,0
8521,0,0
8576,39,0
8577,62,0
8578,50,0
8579,20,0
8580,5,0
8581,1,0
8582,3,0
8583,0,0
8584,0,0
8585,0,0
8640,7,0
8641,37,0
8642,45,0
8643,17,0
8644,8,0
8645,4,0
8646,0,0
8647,0,0
8648,1,0
8649,0,0
8704,0,0
8960,203,0
8961,95,0
8962,26,0
8963,5,0
8964,4,0
8965,0,0
8966,1,0
8967,1,0
8968,0,0
9024,126,0
9025,121,0
9026,61,0
9027,24,0
9028,8,0
9029,1,0
9030,0,0
9088,47,0
9089,75,0
9090,76,0
9091,19,0
9092,9,0
9093,2,0
9094,0,0
9095,0,0
9096,0,0
9097,0,0
9152,9,0
9153,51,0
9154,54,0
9155,20,0
9156,13,0
9157,10,0
9158,0,0
9159,0,0
9160,0,0
9161,0,0
9216,0,0
9472,193,0
9473,133,0
9474,56,0
9475,12,0
9476,2,0
9477,1,0
9478,0,0
9536,116,0
9537,157,0
9538,80,0
9539,25,0
9540,13,0
9541,3,0
9542,0,0
9543,1,0
9600,48,0
9601,103,0
9602,91,0
9603,45,0
9604,11,0
9605,5,0
9606,2,0
9607,1,0
9664,4,0
9665,48,0
9666,69,0
9667,38,0
9668,21,0
9669,4,0
9670,1,0
9671,1,0
9672,0,0
9728,0,0
9984,234,0
9985,183,0
9986,47,0
9987,12,0
9988,0,0
9989,1,0
9990,1,0
10048,145,0
10049,148,0
10050,103,0
10051,40,0
10052,7,0
10053,2,0
10054,0,0
10055,0,0
10056,0,0
10112,42,0
10113,106,0
10114,102,0
10115,59,0
10116,19,0
10117,6,0
10118,0,0
10119,1,0
10176,5,0
10177,66,0
10178,57,0
10179,43,0
10180,20,0
10181,2,0
10182,1,0
10183,6,0
10184,0,0
10185,0,0
10186,0,0
10240,0,0
10496,80,0
10497,69,0
10498,32,0
10499,6,0
10500,0,0
10501,0,0
10502,0,0
10560,47,0
10561,69,0
10562,38,0
10563,8,0
10564,5,0
10565,1,0
10566,1,0
10567,0,0
10568,0,0
10624,26,0
10625,48,0
10626,46,0
10627,15,0
10628,8,0
10629,1,0
10630,1,0
10631,0,0
10688,0,0
10689,23,0
10690,31,0
10691,26,0
10692,16,0
10693,8,0
10694,0,0
10695,1,0
10696,1,0
10752,0,0
11008,148,0
11009,102,0
11010,34,0
11011,9,0
11012,2,0
11013,0,0
11072,70,0
11073,57,0
11074,45,0
11075,18,0
11076,7,0
11077,0,0
11078,0,0
11079,2,0
11136,36,0
11137,45,0
11138,59,0
11139,17,0
11140,7,0
11141,1,0
11142,1,0
11143,0,0
11200,3,0
11201,18,0
11202,33,0
11203,20,0
11204,5,0
11205,1,0
11206,0,0
11264,0,0
11520,88,0
11521,65,0
11522,28,0
11523,5,0
11524,0,0
11525,0,0
11526,0,0
11584,62,0
11585,82,0
11586,47,0
11587,23,0
11588,5,0
11589,0,0
11590,0,0
11591,0,0
11648,31,0
11649,56,0
11650,29,0
11651,30,0
11652,9,0
11653,2,0
11654,2,0
11655,0,0
11712,4,0
11713,30,0
11714,35,0
11715,19,0
11716,6,0
11717,2,0
11718,0,0
11719,0,0
11720,0,0
11721,0,0
11722,2,0
11776,0,0
12032,161,0
12033,124,0
12034,76,0
12035,13,0
12036,8,0
12037,2,0
12038,0,0
12096,97,0
12097,108,0
12098,76,0
12099,22,0
12100,2,0
12101,1,0
12102,0,0
12103,0,0
12104,0,0
12105,0,0
12160,60,0
12161,63,0
12162,89,0
12163,14,0
12164,14,0
12165,9,0
12166,4,0
12167,0,0
12168,0,0
12169,0,0
12170,0,0
12171,0,0
12172,0,0
12224,38,0
12225,79,0
12226,104,0
12227,54,0
12228,25,0
12229,8,0
12230,5,0
12231,0,0
12232,0,0
12233,4,0
12234,0,0
12288,0,0
12544,0,0
12800,0,0
13056,0,0
13312,0,0
13568,0,0
13824,0,0
14080,0,0
14336,0,0
14592,0,0
14848,0,0
15104,0,0
15360,0,0
15616,0,0
15872,0,0
16128,0,0
0,0,-1735
0,1,1735
1,0,288
1,1,-45645
1,2,23757
1,9,17323
1,42,937
1,85,356
1,152,44
1,271,2940
2,0,152
2,2,-23757
2,3,9599
2,10,9941
2,42,950
2,85,257
2,152,34
2,271,2824
3,0,40
3,3,-9599
3,4,1736
3,11,4449
3,42,386
3,85,96
3,152,6
3,271,2886
4,0,16
4,4,-1736
4,5,362
4,12,706
4,42,82
4,85,24
4,152,2
4,271,544
5,0,2
5,5,-362
5,6,62
5,13,155
5,42,21
5,85,2
5,271,120
6,0,1
6,6,-62
6,7,16
6,14,18
6,42,4
6,152,1
6,271,22
7,7,-16
7,8,4
7,15,5
7,42,1
7,271,6
8,8,-4
8,271,4
9,0,147
9,9,-17323
9,10,8853
9,18,5694
9,42,632
9,85,190
9,152,21
9,271,1786
10,0,159
10,10,-18794
10,11,8487
10,19,6480
10,42,885
10,85,266
10,152,28
10,271,2489
11,0,70
11,11,-12936
11,12,2676
11,20,4983
11,42,673
11,85,159
11,152,12
11,271,4363
12,0,27
12,12,-3382
12,13,789
12,21,1221
12,42,180
12,85,45
12,152,2
12,271,1118
13,0,10
13,13,-944
13,14,222
13,22,326
13,42,46
13,85,12
13,271,328
14,0,1
14,14,-240
14,15,48
14,23,80
14,42,15
14,85,6
14,152,1
14,271,89
15,15,-53
15,16,12
15,24,19
15,42,3
15,85,2
15,152,1
15,271,16
16,16,-12
16,17,3
16,25,4
16,42,1
16,271,4
17,17,-3
17,26,2
17,271,1
18,0,91
18,18,-5694
18,19,3053
18,28,1641
18,42,197
18,85,69
18,152,5
18,271,638
19,0,129
19,19,-9533
19,20,4536
19,29,2723
19,42,498
19,85,157
19,152,10
19,271,1480
20,0,90
20,20,-9519
20,21,2402
20,30,2835
20,42,559
20,85,163
20,152,16
20,271,3454
21,0,40
21,21,-3623
21,22,934
21,31,976
21,42,229
21,85,69
21,152,9
21,271,1366
22,0,18
22,22,-1260
22,23,354
22,32,354
22,42,74
22,85,29
22,152,3
22,271,428
23,0,9
23,23,-434
23,24,118
23,33,121
23,42,31
23,85,11
23,271,144
24,0,3
24,24,-137
24,25,38
24,34,43
24,42,7
24,85,1
24,271,45
25,25,-42
25,26,6
25,35,15
25,42,5
25,85,1
25,152,1
25,271,14
26,26,-8
26,27,2
26,36,1
26,42,1
26,85,1
26,271,3
27,27,-2
27,37,1
27,271,1
28,0,7
28,28,-1641
28,29,1087
28,42,516
28,85,3
28,271,28
29,0,76
29,29,-3810
29,30,1844
29,42,1170
29,85,84
29,152,8
29,271,628
30,0,65
30,30,-4679
30,31,1334
30,42,1358
30,85,98
30,152,10
30,271,1814
31,0,37
31,31,-2310
31,32,689
31,42,636
31,85,51
31,152,1
31,271,896
32,0,19
32,32,-1043
32,33,314
32,42,289
32,85,22
32,152,3
32,271,396
33,0,11
33,33,-435
33,34,134
33,42,103
33,85,9
33,271,178
34,0,2
34,34,-177
34,35,56
34,42,45
34,152,2
34,271,72
35,0,1
35,35,-71
35,36,18
35,42,16
35,85,2
35,271,34
36,0,1
36,36,-19
36,37,7
36,42,1
36,271,10
37,0,1
37,37,-8
37,38,3
37,42,3
37,271,1
38,38,-3
38,39,3
39,39,-3
39,40,1
39,42,2
40,40,-1
40,41,1
41,41,-1
41,85,1
42,42,-10110
42,43,10110
43,0,61
43,42,1
43,43,-9929
43,44,4762
43,50,3785
43,85,22
43,119,255
43,152,7
43,181,49
43,216,74
43,271,1
43,315,488
43,355,218
43,427,2
43,566,204
44,0,32
44,44,-4762
44,45,1952
44,51,1787
44,85,17
44,119,196
44,152,8
44,181,48
44,216,37
44,271,2
44,315,397
44,355,126
44,427,2
44,566,158
45,0,13
45,45,-1952
45,46,372
45,52,773
45,85,11
45,119,96
45,152,3
45,181,23
45,216,20
45,315,534
45,355,48
45,427,1
45,566,58
46,0,1
46,46,-372
46,47,68
46,53,149
46,85,2
46,119,17
46,181,4
46,216,4
46,315,105
46,355,9
46,427,1
46,566,12
47,0,2
47,47,-68
47,48,16
47,54,23
47,119,2
47,216,1
47,315,19
47,355,1
47,566,4
48,48,-16
48,49,3
48,55,7
48,119,2
48,315,2
48,355,1
48,566,1
49,49,-3
49,56,2
49,315,1
50,0,42
50,50,-3785
50,51,1843
50,57,1231
50,85,11
50,119,122
50,152,1
50,181,59
50,216,28
50,315,261
50,355,70
50,427,4
50,566,113
51,0,30
51,51,-3630
51,52,1590
51,58,1218
51,85,11
51,119,147
51,152,8
51,181,49
51,216,35
51,271,1
51,315,343
51,355,69
51,427,1
51,566,128
52,0,13
52,52,-2363
52,53,533
52,59,820
52,85,11
52,119,108
52,152,7
52,181,31
52,216,32
52,315,670
52,355,56
52,427,2
52,566,80
53,0,4
53,53,-682
53,54,177
53,60,239
53,85,2
53,119,31
53,152,1
53,181,9
53,216,10
53,315,174
53,355,13
53,566,22
54,54,-200
54,55,37
54,61,68
54,85,1
54,119,11
54,152,1
54,181,3
54,216,6
54,315,60
54,355,4
54,427,1
54,566,8
55,0,2
55,55,-44
55,56,10
55,62,16
55,119,1
55,315,13
55,355,1
55,566,1
56,56,-12
56,63,3
56,119,2
56,181,2
56,315,3
56,355,1
56,566,1
57,0,18
57,57,-1231
57,58,610
57,67,391
57,85,4
57,119,36
57,152,1
57,181,15
57,216,21
57,271,1
57,315,90
57,355,12
57,566,32
58,0,19
58,58,-1828
58,59,844
58,68,531
58,85,7
58,119,78
58,152,4
58,181,24
58,216,27
58,271,1
58,315,198
58,355,29
58,427,1
58,566,65
59,0,17
59,59,-1664
59,60,442
59,69,484
59,85,7
59,119,92
59,152,2
59,181,20
59,216,14
59,315,471
59,355,42
59,427,2
59,566,71
60,0,6
60,60,-681
60,61,178
60,70,203
60,85,7
60,119,43
60,152,2
60,181,8
60,216,8
60,271,1
60,315,176
60,355,10
60,566,39
61,0,5
61,61,-246
61,62,74
61,71,54
61,119,15
61,152,2
61,181,4
61,216,1
61,315,75
61,355,5
61,566,11
62,0,3
62,62,-90
62,63,26
62,72,30
62,119,4
62,181,2
62,315,24
62,566,1
63,0,1
63,63,-29
63,64,10
63,73,7
63,119,5
63,315,6
64,64,-10
64,65,3
64,119,1
64,315,5
64,566,1
65,65,-3
65,66,1
65,315,2
66,66,-1
66,76,1
67,0,3
67,67,-391
67,68,262
67,85,1
67,119,117
67,216,1
67,315,6
67,566,1
68,0,14
68,68,-793
68,69,381
68,85,3
68,119,257
68,152,2
68,181,9
68,216,12
68,315,84
68,355,8
68,566,23
69,0,16
69,69,-865
69,70,241
69,85,10
69,119,228
69,152,4
69,181,25
69,216,11
69,315,226
69,355,57
69,427,4
69,566,43
70,0,13
70,70,-444
70,71,122
70,85,3
70,119,123
70,181,15
70,216,7
70,315,102
70,355,27
70,427,1
70,566,31
71,0,1
71,71,-176
71,72,53
71,85,1
71,119,38
71,181,8
71,216,4
71,315,49
71,355,15
71,566,7
72,72,-83
72,73,25
72,85,1
72,119,21
72,152,2
72,181,1
72,216,1
72,271,1
72,315,20
72,355,5
72,566,6
73,73,-32
73,74,10
73,119,8
73,181,2
73,216,1
73,315,10
73,566,1
74,74,-10
74,75,3
74,315,4
74,566,3
75,75,-3
75,76,3
76,76,-4
76,77,1
76,119,2
76,315,1
77,77,-1
77,78,1
78,78,-1
78,79,1
79,79,-1
79,80,1
80,80,-1
80,81,1
81,81,-1
81,82,1
82,82,-1
82,83,1
83,83,-1
83,84,1
84,84,-1
84,315,1
85,85,-2267
85,86,2267
86,0,16
86,42,23
86,85,20
86,86,-3120
86,87,1466
86,93,1235
86,119,18
86,152,1
86,181,52
86,216,1
86,315,15
86,355,119
86,427,150
86,566,4
87,0,15
87,42,19
87,85,20
87,87,-1466
87,88,589
87,94,613
87,119,9
87,181,40
87,216,1
87,271,2
87,315,7
87,355,72
87,427,77
87,566,2
88,0,1
88,42,6
88,85,11
88,88,-589
88,89,109
88,95,279
88,119,4
88,181,9
88,216,2
88,271,1
88,315,1
88,355,142
88,427,21
88,566,3
89,89,-109
89,90,20
89,96,52
89,181,2
89,355,30
89,427,5
90,42,1
90,90,-20
90,91,3
90,97,8
90,181,1
90,355,6
90,427,1
91,91,-3
91,92,1
91,98,2
92,92,-1
92,355,1
93,0,5
93,42,14
93,85,21
93,93,-1235
93,94,549
93,100,481
93,119,4
93,152,1
93,181,31
93,216,3
93,315,5
93,355,47
93,427,74
94,0,5
94,42,14
94,85,13
94,94,-1162
94,95,508
94,101,418
94,119,5
94,152,1
94,181,25
94,216,2
94,271,2
94,315,3
94,355,70
94,427,93
94,566,3
95,0,3
95,42,10
95,85,9
95,95,-787
95,96,159
95,102,331
95,119,9
95,181,19
95,216,2
95,315,4
95,355,178
95,427,60
95,566,3
96,0,2
96,42,2
96,85,4
96,96,-211
96,97,53
96,103,80
96,119,3
96,181,6
96,355,48
96,427,11
96,566,2
97,42,1
97,97,-61
97,98,18
97,104,17
97,119,1
97,355,16
97,427,8
98,85,1
98,98,-20
98,99,4
98,105,6
98,181,1
98,355,6
98,427,2
99,99,-4
99,106,3
99,355,1
100,0,2
100,42,6
100,85,6
100,100,-481
100,101,242
100,108,147
100,119,1
100,181,12
100,271,1
100,355,27
100,427,35
100,566,2
101,0,8
101,42,12
101,85,8
101,101,-660
101,102,293
101,109,210
101,119,1
101,152,1
101,181,17
101,216,1
101,315,3
101,355,50
101,427,56
102,0,6
102,42,14
102,85,14
102,102,-624
102,103,168
102,110,192
102,119,2
102,152,2
102,181,20
102,216,2
102,355,167
102,427,37
103,0,2
103,42,8
103,85,9
103,103,-248
103,104,59
103,111,76
103,181,6
103,315,1
103,355,71
103,427,16
104,0,1
104,42,4
104,85,3
104,104,-76
104,105,12
104,112,31
104,181,1
104,315,1
104,355,18
104,427,5
105,105,-18
105,106,3
105,113,6
105,152,1
105,181,1
105,355,4
105,427,3
106,106,-6
106,107,1
106,114,3
106,355,1
106,427,1
107,107,-1
107,427,1
108,108,-147
108,109,83
108,119,60
108,181,1
108,355,1
108,427,2
109,0,6
109,42,3
109,85,5
109,109,-293
109,110,140
109,119,95
109,181,6
109,315,1
109,355,20
109,427,16
109,566,1
110,42,8
110,85,7
110,110,-332
110,111,104
110,119,77
110,181,10
110,216,1
110,315,1
110,355,94
110,427,30
111,0,3
111,42,3
111,85,3
111,111,-180
111,112,52
111,119,35
111,152,1
111,181,9
111,355,55
111,427,19
112,42,1
112,85,2
112,112,-83
112,113,27
112,119,17
112,181,4
112,355,24
112,427,8
113,113,-33
113,114,15
113,119,7
113,315,1
113,355,9
113,427,1
114,114,-18
114,115,7
114,119,5
114,181,1
114,355,4
114,427,1
115,42,1
115,115,-7
115,116,2
115,355,4
116,116,-2
116,117,1
116,355,1
117,117,-1
117,118,1
118,0,1
118,118,-1
119,119,-2364
119,120,2364
120,0,15
120,85,6
120,119,14
120,120,-2514
120,121,1200
120,127,927
120,152,3
120,181,12
120,216,13
120,245,65
120,315,1
120,355,2
120,389,80
120,427,2
120,464,43
120,496,81
120,605,8
120,642,8
120,711,34
121,0,5
121,85,6
121,119,9
121,121,-1200
121,122,485
121,128,458
121,152,3
121,181,11
121,216,12
121,245,31
121,355,2
121,389,54
121,464,43
121,496,42
121,605,5
121,642,3
121,711,31
122,119,4
122,122,-485
122,123,112
122,129,188
122,181,4
122,216,7
122,245,15
122,389,116
122,464,12
122,496,9
122,605,2
122,642,1
122,711,15
123,0,2
123,119,2
123,123,-112
123,124,22
123,130,43
123,216,1
123,245,5
123,389,28
123,464,6
123,711,3
124,124,-22
124,125,4
124,131,7
124,245,1
124,389,5
124,464,1
124,711,4
125,125,-4
125,126,1
125,132,1
125,216,1
125,389,1
126,126,-1
126,133,1
127,0,5
127,85,4
127,119,4
127,127,-927
127,128,420
127,135,333
127,152,2
127,181,3
127,216,6
127,245,27
127,315,1
127,355,3
127,389,45
127,464,21
127,496,20
127,605,1
127,642,4
127,711,27
127,852,1
128,0,10
128,85,5
128,119,11
128,128,-878
128,129,400
128,136,276
128,152,3
128,181,5
128,216,8
128,245,26
128,355,2
128,389,46
128,427,1
128,464,28
128,496,27
128,566,1
128,605,2
128,642,3
128,711,24
129,0,5
129,85,5
129,119,10
129,129,-588
129,130,125
129,137,203
129,152,2
129,181,5
129,216,10
129,245,15
129,389,159
129,464,21
129,496,10
129,605,2
129,642,1
129,711,15
130,0,3
130,119,1
130,130,-168
130,131,47
130,138,49
130,181,2
130,216,2
130,245,3
130,389,44
130,464,10
130,496,2
130,605,1
130,711,4
131,119,1
131,131,-54
131,132,20
131,139,13
131,181,1
131,245,2
131,389,14
131,464,1
131,605,1
131,642,1
132,132,-21
132,133,5
132,140,7
132,389,7
132,464,2
133,133,-6
133,134,3
133,389,1
133,642,1
133,711,1
134,134,-3
134,245,1
134,389,1
134,464,1
135,0,3
135,85,2
135,119,2
135,135,-333
135,136,185
135,144,97
135,152,3
135,181,2
135,216,3
135,245,4
135,355,1
135,389,12
135,464,9
135,496,3
135,605,1
135,642,1
135,711,5
136,0,1
136,85,2
136,119,3
136,136,-461
136,137,234
136,145,139
136,152,2
136,181,3
136,216,3
136,245,16
136,315,1
136,389,20
136,464,13
136,496,11
136,605,1
136,711,12
137,0,1
137,85,5
137,119,3
137,137,-437
137,138,112
137,146,126
137,181,3
137,216,4
137,245,10
137,315,1
137,389,130
137,464,18
137,496,11
137,605,1
137,642,1
137,711,11
138,0,4
138,85,1
138,119,1
138,138,-161
138,139,41
138,147,36
138,181,1
138,216,4
138,245,6
138,389,48
138,464,6
138,496,3
138,711,10
139,0,1
139,119,1
139,139,-54
139,140,9
139,148,19
139,181,1
139,216,2
139,245,2
139,389,14
139,464,2
139,496,1
139,711,2
140,140,-16
140,141,8
140,149,4
140,389,3
140,464,1
141,0,1
141,141,-8
141,142,2
141,150,1
141,181,1
141,216,1
141,389,2
142,142,-2
142,143,1
142,389,1
143,143,-1
143,389,1
144,0,1
144,144,-97
144,145,64
144,245,31
144,464,1
145,0,2
145,85,5
145,119,1
145,145,-203
145,146,95
145,181,1
145,216,3
145,245,64
145,389,16
145,464,5
145,496,7
145,605,1
145,711,3
146,0,5
146,85,1
146,119,3
146,146,-221
146,147,65
146,181,5
146,216,3
146,245,58
146,389,64
146,464,7
146,496,6
146,711,4
147,0,1
147,119,2
147,147,-101
147,148,30
147,216,1
147,245,22
147,389,25
147,464,8
147,496,4
147,605,1
147,711,7
148,0,1
148,119,1
148,148,-49
148,149,11
148,181,1
148,245,15
148,389,13
148,464,3
148,496,1
148,711,3
149,149,-15
149,150,9
149,245,3
149,389,2
149,711,1
150,0,1
150,150,-10
150,151,4
150,389,3
150,464,1
150,711,1
151,151,-4
151,389,1
151,464,1
151,605,1
151,711,1
152,152,-270
152,153,270
153,0,2
153,42,9
153,85,3
153,153,-460
153,154,197
153,159,207
153,181,5
153,271,14
153,315,1
153,427,22
154,42,5
154,85,3
154,154,-197
154,155,70
154,160,101
154,271,9
154,315,1
154,427,8
155,0,1
155,42,1
155,85,1
155,155,-70
155,156,13
155,161,32
155,271,5
155,427,17
156,0,1
156,42,1
156,156,-13
156,157,4
156,162,5
156,271,1
156,427,1
157,85,1
157,157,-4
157,158,2
157,163,1
158,158,-2
158,164,2
159,42,9
159,85,4
159,159,-207
159,160,86
159,166,90
159,181,1
159,271,8
159,427,9
160,0,2
160,42,6
160,85,5
160,152,1
160,160,-187
160,161,74
160,167,70
160,181,1
160,271,12
160,315,2
160,427,14
161,42,10
161,85,1
161,161,-106
161,162,22
161,168,36
161,271,8
161,427,29
162,42,1
162,162,-27
162,163,11
162,169,9
162,181,1
162,271,1
162,427,4
163,163,-12
163,164,4
163,170,8
164,42,1
164,164,-6
164,165,1
164,171,3
164,427,1
165,165,-1
165,172,1
166,42,2
166,85,1
166,166,-90
166,167,46
166,173,35
166,271,1
166,427,5
167,42,4
167,85,1
167,152,1
167,167,-116
167,168,60
167,174,29
167,181,2
167,271,10
167,427,9
168,0,1
168,42,3
168,85,1
168,152,1
168,168,-96
168,169,20
168,175,39
168,271,6
168,427,25
169,0,1
169,85,2
169,169,-29
169,170,9
169,176,5
169,271,3
169,427,9
170,42,2
170,170,-17
170,171,2
170,177,4
170,181,1
170,271,3
170,427,5
171,171,-5
171,172,4
171,271,1
172,172,-5
172,179,2
172,271,1
172,427,2
173,42,1
173,173,-35
173,174,21
173,181,11
173,271,2
174,0,1
174,42,1
174,85,1
174,174,-50
174,175,26
174,181,16
174,271,3
174,427,2
175,0,1
175,42,5
175,85,2
175,175,-65
175,176,16
175,181,13
175,271,6
175,427,22
176,42,3
176,176,-21
176,177,5
176,181,4
176,427,9
177,152,1
177,177,-9
177,178,3
177,181,1
177,271,2
177,427,2
178,178,-3
178,179,1
178,181,2
179,179,-3
179,180,1
179,427,2
180,180,-1
180,427,1
181,181,-803
181,182,803
182,0,8
182,85,2
182,119,19
182,152,2
182,181,12
182,182,-875
182,183,397
182,189,354
182,216,3
182,245,4
182,315,33
182,355,6
182,389,6
182,464,12
182,496,5
182,566,8
182,605,1
182,642,2
182,711,1
183,0,2
183,85,1
183,119,13
183,152,1
183,181,3
183,183,-397
183,184,169
183,190,140
183,216,5
183,245,1
183,315,24
183,355,3
183,389,6
183,427,2
183,464,13
183,496,5
183,566,7
183,642,1
183,711,1
184,0,2
184,119,5
184,181,5
184,184,-169
184,185,34
184,191,71
184,315,7
184,355,1
184,389,1
184,427,1
184,464,39
184,496,1
184,566,1
184,711,1
185,0,1
185,119,2
185,185,-34
185,186,9
185,192,15
185,216,1
185,315,2
185,355,1
185,464,3
186,186,-9
186,187,5
186,193,2
186,464,1
186,496,1
187,187,-5
187,188,1
187,194,2
187,464,2
188,188,-1
188,195,1
189,0,5
189,119,16
189,152,1
189,181,2
189,189,-354
189,190,164
189,197,120
189,216,2
189,245,1
189,271,1
189,315,9
189,355,2
189,389,2
189,427,1
189,464,12
189,496,6
189,566,7
189,711,3
190,0,3
190,119,17
190,181,2
190,190,-304
190,191,137
190,198,104
190,216,3
190,245,2
190,315,13
190,355,4
190,464,10
190,496,1
190,566,5
190,642,2
190,711,1
191,119,8
191,152,1
191,181,3
191,191,-208
191,192,43
191,199,80
191,216,1
191,315,13
191,355,4
191,389,2
191,464,47
191,496,3
191,566,1
191,711,2
192,119,2
192,181,1
192,192,-58
192,193,18
192,200,19
192,216,1
192,315,5
192,389,1
192,464,9
192,566,2
193,119,1
193,193,-20
193,194,6
193,201,7
193,315,1
193,355,1
193,464,4
194,119,1
194,194,-8
194,195,3
194,202,1
194,315,1
194,464,2
195,195,-4
195,196,2
195,203,1
195,464,1
196,0,1
196,196,-2
196,464,1
197,0,4
197,119,5
197,197,-120
197,198,49
197,207,39
197,216,1
197,315,9
197,355,1
197,389,1
197,464,6
197,496,2
197,566,3
198,0,2
198,119,16
198,198,-153
198,199,72
198,208,36
198,315,13
198,355,2
198,389,2
198,427,1
198,464,4
198,566,4
198,711,1
199,0,1
199,119,8
199,181,2
199,199,-152
199,200,46
199,209,41
199,216,1
199,245,1
199,315,11
199,355,1
199,389,4
199,464,32
199,496,1
199,566,2
199,711,1
200,85,1
200,119,4
200,152,1
200,181,2
200,200,-65
200,201,19
200,210,16
200,245,2
200,315,3
200,464,15
200,496,1
200,566,1
201,201,-26
201,202,10
201,211,6
201,315,3
201,355,2
201,464,3
201,566,2
202,0,1
202,202,-11
202,203,3
202,212,3
202,315,1
202,464,3
203,203,-4
203,204,2
203,213,1
203,355,1
204,204,-2
204,205,2
205,205,-2
205,206,1
205,215,1
206,0,1
206,206,-1
207,119,1
207,207,-39
207,208,18
207,245,16
207,315,2
207,355,1
207,464,1
208,0,2
208,85,1
208,119,1
208,152,1
208,181,2
208,208,-54
208,209,28
208,216,1
208,245,11
208,315,2
208,355,1
208,389,2
208,464,1
208,566,1
209,0,1
209,119,4
209,181,1
209,209,-69
209,210,19
209,245,17
209,315,2
209,355,3
209,427,1
209,464,17
209,496,2
209,566,1
209,711,1
210,119,1
210,152,1
210,181,1
210,210,-35
210,211,12
210,216,1
210,245,5
210,315,1
210,355,4
210,389,1
210,464,8
211,119,1
211,181,1
211,211,-18
211,212,1
211,216,3
211,245,3
211,315,3
211,464,5
211,711,1
212,212,-4
212,245,2
212,315,1
212,464,1
213,213,-1
213,214,1
214,214,-1
214,215,1
215,215,-2
215,464,2
216,216,-438
216,217,438
217,0,2
217,42,5
217,85,8
217,119,2
217,181,8
217,216,1
217,217,-634
217,218,268
217,223,286
217,245,4
217,315,1
217,355,10
217,389,2
217,427,16
217,464,1
217,496,20
218,0,1
218,42,3
218,85,5
218,119,1
218,181,7
218,218,-268
218,219,117
218,224,104
218,245,1
218,355,3
218,389,1
218,427,8
218,496,17
219,42,1
219,181,5
219,219,-117
219,220,18
219,225,58
219,355,2
219,427,4
219,496,29
220,220,-18
220,221,4
220,226,9
220,245,1
220,427,1
220,496,3
221,221,-4
221,222,1
221,227,2
221,355,1
222,222,-1
222,496,1
223,0,1
223,42,4
223,85,2
223,119,1
223,181,6
223,223,-286
223,224,124
223,229,116
223,355,5
223,389,1
223,427,8
223,496,16
223,642,1
223,711,1
224,0,2
224,42,4
224,85,7
224,119,1
224,181,4
224,216,2
224,224,-228
224,225,94
224,230,89
224,355,5
224,389,1
224,427,5
224,464,2
224,496,11
224,711,1
225,0,1
225,181,5
225,225,-152
225,226,35
225,231,59
225,355,2
225,427,11
225,496,39
226,42,1
226,181,3
226,226,-44
226,227,11
226,232,19
226,427,1
226,496,9
227,42,1
227,227,-13
227,228,3
227,233,6
227,496,3
228,228,-3
228,234,2
228,427,1
229,42,1
229,85,2
229,181,1
229,216,1
229,229,-116
229,230,52
229,237,46
229,355,3
229,427,4
229,496,6
230,0,2
230,85,5
230,181,5
230,230,-141
230,231,67
230,238,39
230,355,4
230,389,1
230,427,10
230,496,8
231,42,2
231,85,2
231,181,5
231,231,-126
231,232,26
231,239,40
231,245,1
231,355,3
231,427,9
231,464,1
231,496,37
232,0,1
232,42,4
232,181,1
232,232,-45
232,233,9
232,240,10
232,355,1
232,427,4
232,464,1
232,496,14
233,85,1
233,233,-15
233,234,4
233,241,4
233,355,1
233,496,5
234,234,-6
234,235,2
234,427,1
234,496,3
235,235,-2
235,236,1
235,243,1
236,236,-1
236,244,1
237,181,1
237,237,-46
237,238,19
237,245,26
238,0,2
238,42,2
238,85,3
238,238,-58
238,239,28
238,245,14
238,271,1
238,355,2
238,427,1
238,496,5
239,0,1
239,42,2
239,85,2
239,181,3
239,239,-68
239,240,16
239,245,15
239,355,1
239,427,6
239,464,1
239,496,21
240,0,1
240,181,1
240,216,1
240,240,-26
240,241,5
240,245,9
240,427,3
240,496,6
241,241,-9
241,242,3
241,245,2
241,427,1
241,496,3
242,242,-3
242,355,1
242,496,2
243,243,-1
243,245,1
244,244,-1
244,427,1
245,245,-612
245,246,612
246,0,5
246,85,2
246,119,2
246,181,5
246,216,7
246,245,11
246,246,-667
246,247,311
246,251,264
246,389,11
246,464,8
246,496,4
246,531,21
246,711,14
246,745,1
246,775,1
247,85,1
247,119,1
247,181,1
247,216,3
247,245,8
247,247,-311
247,248,145
247,252,117
247,389,2
247,464,8
247,496,2
247,531,16
247,675,2
247,711,3
247,775,2
248,0,1
248,119,3
248,216,3
248,245,4
248,248,-145
248,249,31
248,253,63
248,389,2
248,464,3
248,496,2
248,531,28
248,675,1
248,711,3
248,775,1
249,181,1
249,216,1
249,245,2
249,249,-31
249,250,8
249,254,10
249,389,3
249,496,1
249,531,5
250,216,1
250,250,-8
250,255,3
250,531,4
251,0,4
251,119,3
251,152,2
251,181,3
251,216,5
251,245,8
251,251,-264
251,252,122
251,258,91
251,315,1
251,355,2
251,464,9
251,496,2
251,531,8
251,711,3
251,854,1
252,0,1
252,119,2
252,181,4
252,216,3
252,245,13
252,252,-239
252,253,108
252,259,77
252,389,4
252,464,6
252,496,1
252,531,11
252,675,2
252,711,7
253,119,1
253,181,3
253,216,3
253,245,7
253,253,-171
253,254,36
253,260,52
253,271,1
253,315,1
253,389,3
253,464,2
253,496,1
253,531,57
253,711,3
253,775,1
254,0,2
254,216,1
254,245,4
254,254,-46
254,255,8
254,261,18
254,464,2
254,496,1
254,531,9
254,775,1
255,245,1
255,255,-11
255,256,3
255,262,3
255,389,1
255,531,3
256,256,-3
256,257,1
256,263,1
256,531,1
257,257,-1
257,464,1
258,119,1
258,216,2
258,245,2
258,258,-91
258,259,44
258,264,26
258,389,7
258,464,2
258,496,1
258,531,4
258,711,2
259,0,2
259,119,1
259,181,2
259,216,2
259,245,5
259,259,-121
259,260,56
259,265,34
259,389,3
259,464,5
259,496,4
259,531,3
259,642,1
259,675,1
259,711,2
260,0,1
260,85,1
260,119,2
260,181,1
260,216,2
260,245,5
260,260,-108
260,261,20
260,266,30
260,389,4
260,427,1
260,464,3
260,496,1
260,531,36
260,711,1
261,85,1
261,216,1
261,261,-38
261,262,11
261,267,13
261,464,1
261,531,11
262,216,1
262,262,-14
262,263,6
262,268,3
262,531,4
263,119,1
263,245,1
263,263,-7
263,269,2
263,531,3
264,245,9
264,264,-26
264,265,16
264,531,1
265,119,1
265,181,1
265,216,1
265,245,10
265,265,-50
265,266,25
265,389,1
265,464,1
265,531,4
265,711,4
265,745,1
265,775,1
266,0,2
266,119,1
266,181,1
266,216,1
266,245,18
266,266,-55
266,267,15
266,389,3
266,464,2
266,531,10
266,711,1
266,775,1
267,0,1
267,216,1
267,245,10
267,267,-28
267,268,8
267,389,2
267,496,2
267,531,4
268,245,3
268,268,-11
268,269,6
268,389,1
268,464,1
269,245,3
269,269,-8
269,270,1
269,531,3
269,711,1
270,245,1
270,270,-1
271,271,-30741
271,272,30741
272,271,144
272,272,-33383
272,273,17319
272,282,12870
272,315,715
272,355,235
272,427,30
272,566,2070
273,271,106
273,273,-17319
273,274,7174
273,283,7398
273,315,641
273,355,169
273,427,10
273,566,1821
274,271,32
274,274,-7174
274,275,1248
274,284,3478
274,315,261
274,355,83
274,427,8
274,566,2064
275,271,7
275,275,-1248
275,276,247
275,285,545
275,315,58
275,355,9
275,427,3
275,566,379
276,276,-247
276,277,48
276,286,95
276,315,14
276,355,1
276,566,89
277,271,1
277,277,-48
277,278,6
277,287,17
277,315,4
277,566,20
278,278,-6
278,279,2
278,288,1
278,315,1
278,566,2
279,279,-2
279,280,1
279,289,1
280,280,-1
280,281,1
281,281,-1
281,315,1
282,271,102
282,282,-12870
282,283,6582
282,292,4323
282,315,413
282,355,141
282,427,14
282,566,1295
283,271,136
283,283,-13980
283,284,6355
283,293,4927
283,315,586
283,355,158
283,427,21
283,566,1797
284,271,49
284,284,-9833
284,285,1978
284,294,3907
284,315,469
284,355,116
284,427,12
284,566,3302
285,271,16
285,285,-2523
285,286,556
285,295,963
285,315,128
285,355,31
285,427,4
285,566,825
286,271,7
286,286,-651
286,287,154
286,296,186
286,315,33
286,355,14
286,427,1
286,566,256
287,271,2
287,287,-171
287,288,46
287,297,54
287,315,13
287,355,1
287,427,1
287,566,54
288,288,-47
288,289,10
288,298,16
288,315,3
288,566,18
289,289,-11
289,290,4
289,299,3
289,355,1
289,566,3
290,290,-4
290,291,1
290,566,3
291,291,-1
291,566,1
292,271,69
292,292,-4323
292,293,2278
292,304,1270
292,315,152
292,355,65
292,427,4
292,566,485
293,271,76
293,293,-7205
293,294,3474
293,305,2089
293,315,364
293,355,110
293,427,14
293,566,1078
294,271,73
294,294,-7381
294,295,1781
294,306,2249
294,315,444
294,355,117
294,427,17
294,566,2700
295,271,26
295,295,-2744
295,296,694
295,307,799
295,315,146
295,355,41
295,427,5
295,566,1033
296,271,10
296,296,-880
296,297,256
296,308,233
296,315,58
296,355,15
296,427,1
296,566,307
297,271,6
297,297,-310
297,298,88
297,309,91
297,315,14
297,355,10
297,427,1
297,566,100
298,271,1
298,298,-104
298,299,34
298,310,26
298,315,4
298,355,2
298,566,37
299,299,-37
299,300,10
299,311,6
299,315,1
299,355,1
299,566,19
300,300,-10
300,301,6
300,315,1
300,566,3
301,301,-6
301,302,1
301,313,1
301,566,4
302,302,-1
302,303,1
303,303,-1
303,315,1
304,271,10
304,304,-1270
304,305,834
304,315,392
304,355,1
304,566,33
305,271,62
305,305,-2923
305,306,1410
305,315,957
305,355,56
305,427,9
305,566,429
306,271,61
306,306,-3659
306,307,943
306,315,1060
306,355,76
306,427,12
306,566,1507
307,271,31
307,307,-1742
307,308,512
307,315,452
307,355,32
307,427,3
307,566,712
308,271,9
308,308,-745
308,309,215
308,315,214
308,355,22
308,427,2
308,566,283
309,271,8
309,309,-306
309,310,81
309,315,83
309,355,7
309,427,1
309,566,126
310,271,2
310,310,-107
310,311,35
310,315,31
310,355,2
310,427,1
310,566,36
311,271,2
311,311,-41
311,312,16
311,315,4
311,355,2
311,566,17
312,312,-16
312,313,6
312,315,3
312,355,1
312,566,6
313,313,-7
313,314,1
313,315,2
313,566,4
314,314,-1
314,566,1
315,315,-12011
315,316,12011
316,271,76
316,315,4
316,316,-12127
316,317,5802
316,324,4668
316,355,37
316,389,299
316,427,21
316,464,86
316,496,74
316,605,640
316,642,162
316,711,5
316,852,253
317,271,43
317,315,1
317,317,-5802
317,318,2442
317,325,2189
317,355,20
317,389,228
317,427,14
317,464,48
317,496,61
317,566,1
317,605,469
317,642,92
317,711,4
317,852,190
318,271,17
318,318,-2442
318,319,488
318,326,988
318,355,8
318,389,98
318,427,7
318,464,26
318,496,24
318,605,648
318,642,53
318,711,2
318,852,83
319,271,1
319,319,-488
319,320,116
319,327,173
319,389,21
319,427,1
319,464,9
319,496,7
319,605,127
319,642,9
319,711,1
319,852,23
320,271,2
320,320,-116
320,321,28
320,328,44
320,389,5
320,464,1
320,496,1
320,605,27
320,642,1
320,852,7
321,321,-28
321,322,6
321,329,9
321,389,3
321,605,9
321,852,1
322,322,-6
322,323,1
322,330,2
322,605,3
323,323,-1
323,331,1
324,271,41
324,324,-4668
324,325,2275
324,334,1565
324,355,23
324,389,132
324,427,8
324,464,53
324,496,32
324,566,3
324,605,325
324,642,66
324,711,3
324,852,142
325,271,43
325,315,2
325,325,-4464
325,326,2023
325,335,1441
325,355,31
325,389,166
325,427,4
325,464,52
325,496,50
325,566,2
325,605,399
325,642,85
325,711,5
325,852,161
326,271,20
326,326,-3011
326,327,648
326,336,1060
326,355,20
326,389,142
326,427,8
326,464,38
326,496,21
326,605,874
326,642,75
326,711,1
326,852,104
327,271,6
327,327,-821
327,328,203
327,337,251
327,355,2
327,389,40
327,464,9
327,496,20
327,605,225
327,642,24
327,711,1
327,852,40
328,271,1
328,328,-247
328,329,44
328,338,82
328,355,2
328,389,12
328,427,1
328,464,3
328,496,2
328,605,81
328,642,8
328,852,11
329,329,-53
329,330,16
329,339,15
329,389,3
329,464,3
329,496,1
329,605,12
329,852,3
330,330,-18
330,331,5
330,340,4
330,355,1
330,389,1
330,496,1
330,605,6
331,331,-6
331,332,3
331,341,2
331,605,1
332,332,-3
332,333,1
332,342,1
332,605,1
333,333,-1
333,605,1
334,271,14
334,334,-1565
334,335,777
334,344,483
334,355,3
334,389,56
334,427,3
334,464,12
334,496,22
334,566,1
334,605,111
334,642,21
334,852,62
335,271,37
335,335,-2218
335,336,1059
335,345,621
335,355,9
335,389,84
335,427,3
335,464,33
335,496,32
335,566,1
335,605,223
335,642,35
335,711,1
335,852,80
336,271,13
336,336,-2119
336,337,538
336,346,609
336,355,7
336,389,102
336,427,5
336,464,33
336,496,17
336,605,625
336,642,67
336,711,1
336,852,102
337,271,8
337,337,-789
337,338,210
337,347,222
337,355,3
337,389,40
337,427,2
337,464,15
337,496,9
337,605,237
337,642,13
337,711,1
337,852,29
338,271,1
338,338,-292
338,339,64
338,348,79
338,355,1
338,389,16
338,464,8
338,496,3
338,605,88
338,642,11
338,852,21
339,339,-79
339,340,24
339,349,17
339,389,5
339,464,2
339,496,1
339,605,25
339,642,3
339,852,2
340,340,-28
340,341,7
340,350,10
340,389,3
340,496,2
340,605,4
340,852,2
341,341,-9
341,342,2
341,351,3
341,605,4
342,342,-3
342,343,1
342,496,1
342,605,1
343,343,-1
343,353,1
344,271,7
344,344,-483
344,345,286
344,389,172
344,427,1
344,464,1
344,605,12
344,852,4
345,271,20
345,345,-907
345,346,410
345,355,7
345,389,286
345,427,8
345,464,16
345,496,14
345,605,99
345,642,16
345,852,31
346,271,19
346,346,-1019
346,347,295
346,355,13
346,389,253
346,427,3
346,464,33
346,496,13
346,605,239
346,642,68
346,711,3
346,852,80
347,271,11
347,347,-517
347,348,151
347,355,3
347,389,134
347,427,1
347,464,8
347,496,5
347,605,130
347,642,26
347,711,1
347,852,47
348,271,6
348,315,1
348,348,-230
348,349,67
348,355,4
348,389,52
348,464,6
348,496,4
348,605,63
348,642,11
348,711,1
348,852,15
349,271,4
349,349,-84
349,350,28
349,355,1
349,389,17
349,427,1
349,464,2
349,496,1
349,605,19
349,642,5
349,852,6
350,271,1
350,350,-38
350,351,7
350,389,13
350,464,5
350,605,6
350,642,5
350,852,1
351,351,-10
351,352,5
351,389,2
351,464,1
351,605,2
352,352,-5
352,353,1
352,389,1
352,605,2
352,852,1
353,353,-2
353,354,2
354,354,-2
354,605,1
354,642,1
355,355,-3825
355,356,3825
356,271,22
356,315,53
356,355,34
356,356,-4951
356,357,2330
356,363,2122
356,389,17
356,427,2
356,464,50
356,496,1
356,566,3
356,605,8
356,642,188
356,711,113
356,852,8
357,271,12
357,315,27
357,355,28
357,357,-2330
357,358,979
357,364,981
357,389,6
357,427,2
357,464,35
357,496,3
357,605,4
357,642,141
357,711,108
357,852,4
358,271,9
358,315,15
358,355,11
358,358,-979
358,359,190
358,365,434
358,389,11
358,464,20
358,496,3
358,566,2
358,605,3
358,642,226
358,711,54
358,852,1
359,271,2
359,315,3
359,355,5
359,359,-190
359,360,45
359,366,79
359,464,3
359,605,1
359,642,39
359,711,13
360,315,2
360,360,-45
360,361,10
360,367,13
360,389,1
360,427,1
360,464,2
360,642,13
360,711,3
361,361,-10
361,362,1
361,368,6
361,642,2
361,711,1
362,362,-1
362,369,1
363,271,18
363,315,20
363,355,20
363,363,-2122
363,364,969
363,372,875
363,389,3
363,427,2
363,464,26
363,496,2
363,605,3
363,642,124
363,711,58
363,852,2
364,271,13
364,315,34
364,355,35
364,364,-1950
364,365,871
364,373,721
364,389,6
364,427,7
364,464,39
364,566,2
364,605,3
364,642,114
364,711,102
364,852,3
365,271,3
365,315,23
365,355,16
365,365,-1305
365,366,283
365,374,494
365,389,16
365,464,29
365,496,1
365,566,4
365,605,7
365,642,356
365,711,69
365,852,4
366,271,2
366,315,9
366,355,4
366,366,-362
366,367,68
366,375,147
366,389,4
366,427,3
366,464,6
366,496,1
366,605,2
366,642,94
366,711,22
367,355,1
367,367,-81
367,368,18
367,376,36
367,464,1
367,642,21
367,711,4
368,271,1
368,368,-24
368,369,4
368,377,7
368,464,1
368,642,8
368,711,3
369,369,-5
369,370,1
369,378,2
369,464,1
369,711,1
370,370,-1
370,371,1
371,371,-1
371,711,1
372,271,5
372,315,9
372,355,12
372,372,-875
372,373,420
372,380,344
372,389,3
372,464,15
372,496,1
372,566,1
372,605,1
372,642,37
372,711,24
372,852,3
373,271,12
373,315,20
373,355,23
373,373,-1141
373,374,513
373,381,393
373,389,4
373,427,1
373,464,23
373,496,1
373,566,2
373,605,4
373,642,88
373,711,55
373,852,2
374,271,9
374,315,23
374,355,13
374,374,-1007
374,375,235
374,382,348
374,389,7
374,427,2
374,464,17
374,566,2
374,605,3
374,642,279
374,711,66
374,852,3
375,271,3
375,315,9
375,355,6
375,375,-382
375,376,108
375,383,129
375,389,2
375,427,1
375,464,5
375,566,3
375,605,2
375,642,87
375,711,26
375,852,1
376,271,3
376,315,3
376,355,4
376,376,-144
376,377,33
376,384,49
376,389,1
376,427,2
376,464,5
376,496,1
376,642,34
376,711,7
376,852,2
377,315,1
377,377,-40
377,378,11
377,385,13
377,464,1
377,605,1
377,642,11
377,711,2
378,355,1
378,378,-13
378,379,3
378,386,4
378,642,4
378,711,1
379,379,-3
379,387,1
379,642,1
379,711,1
380,271,1
380,315,2
380,380,-344
380,381,144
380,389,188
380,642,7
380,711,2
381,271,3
381,315,13
381,355,8
381,381,-537
381,382,271
381,389,150
381,464,13
381,496,1
381,642,44
381,711,34
382,271,9
382,315,17
382,355,17
382,382,-619
382,383,168
382,389,159
382,427,1
382,464,16
382,566,1
382,605,3
382,642,182
382,711,46
383,271,5
383,315,5
383,355,5
383,383,-297
383,384,84
383,389,70
383,464,11
383,642,86
383,711,31
384,271,1
384,315,3
384,355,4
384,384,-133
384,385,32
384,389,24
384,464,4
384,496,1
384,642,52
384,711,11
384,852,1
385,271,1
385,315,2
385,355,1
385,385,-45
385,386,11
385,389,9
385,464,1
385,642,16
385,711,3
385,852,1
386,355,1
386,386,-15
386,387,5
386,389,4
386,642,5
387,315,1
387,355,2
387,387,-6
387,388,1
387,389,2
388,388,-1
388,389,1
389,389,-4201
389,390,4201
390,271,17
390,355,13
390,389,29
390,390,-4409
390,391,2128
390,397,1715
390,427,5
390,464,20
390,496,38
390,531,70
390,605,2
390,642,1
390,675,148
390,711,2
390,745,68
390,775,53
390,852,1
390,854,20
390,856,77
390,860,2
391,271,13
391,355,5
391,389,20
391,391,-2128
391,392,892
391,398,823
391,427,3
391,464,20
391,496,30
391,531,58
391,566,1
391,605,1
391,642,2
391,675,109
391,711,1
391,745,52
391,775,32
391,854,16
391,856,50
392,271,7
392,355,5
392,389,9
392,392,-892
392,393,173
392,399,371
392,427,2
392,464,9
392,496,6
392,531,26
392,605,2
392,642,1
392,675,217
392,745,27
392,775,7
392,854,5
392,856,25
393,271,2
393,355,3
393,389,3
393,393,-173
393,394,36
393,400,60
393,427,1
393,464,1
393,496,5
393,531,3
393,675,44
393,745,7
393,775,4
393,854,2
393,856,2
394,394,-36
394,395,14
394,401,8
394,496,1
394,675,8
394,745,2
394,775,1
394,856,2
395,395,-14
395,396,5
395,402,6
395,675,3
396,396,-5
396,403,3
396,675,2
397,271,15
397,355,7
397,389,15
397,397,-1715
397,398,818
397,407,593
397,427,3
397,464,16
397,496,14
397,531,38
397,642,4
397,675,77
397,745,42
397,775,23
397,854,9
397,856,41
398,271,18
398,355,7
398,389,20
398,398,-1641
398,399,741
398,408,568
398,427,3
398,464,20
398,496,16
398,531,39
398,566,1
398,605,1
398,675,79
398,745,41
398,775,27
398,854,13
398,856,47
399,271,4
399,355,5
399,389,13
399,399,-1112
399,400,247
399,409,411
399,427,3
399,464,15
399,496,9
399,531,31
399,566,1
399,675,269
399,745,42
399,775,21
399,853,1
399,854,8
399,856,32
400,271,4
400,389,2
400,400,-307
400,401,76
400,410,99
400,427,1
400,464,4
400,496,3
400,531,12
400,642,1
400,675,76
400,745,10
400,775,8
400,854,3
400,856,8
401,271,2
401,389,3
401,401,-84
401,402,23
401,411,26
401,464,1
401,496,1
401,531,2
401,675,21
401,745,1
401,775,1
401,856,3
402,402,-29
402,403,10
402,412,10
402,531,1
402,675,6
402,745,1
402,775,1
403,403,-13
403,404,4
403,413,2
403,675,5
403,745,1
403,775,1
404,404,-4
404,405,2
404,675,2
405,405,-2
405,406,1
405,675,1
406,406,-1
406,416,1
407,271,6
407,355,3
407,389,7
407,407,-593
407,408,302
407,417,174
407,427,1
407,464,4
407,496,5
407,531,8
407,605,1
407,675,41
407,745,14
407,775,8
407,854,3
407,856,16
408,271,12
408,355,1
408,389,12
408,408,-870
408,409,432
408,418,254
408,427,3
408,464,3
408,496,7
408,531,19
408,605,1
408,642,2
408,675,47
408,711,1
408,745,24
408,775,10
408,854,6
408,856,36
409,271,7
409,355,4
409,389,10
409,409,-843
409,410,208
409,419,263
409,427,1
409,464,7
409,496,12
409,531,32
409,566,1
409,642,2
409,675,203
409,711,2
409,745,35
409,775,19
409,854,6
409,856,31
410,271,4
410,389,6
410,410,-307
410,411,83
410,420,76
410,464,4
410,496,4
410,531,10
410,605,1
410,642,1
410,675,90
410,745,8
410,775,5
410,854,3
410,856,12
411,389,1
411,411,-109
411,412,32
411,421,26
411,464,2
411,531,4
411,675,31
411,745,3
411,775,2
411,854,2
411,856,6
412,271,1
412,389,2
412,412,-42
412,413,15
412,422,9
412,531,3
412,675,10
412,856,2
413,389,1
413,413,-17
413,414,6
413,423,3
413,531,1
413,675,3
413,745,3
414,271,1
414,389,1
414,414,-6
414,415,1
414,424,1
414,531,1
414,745,1
415,415,-1
415,675,1
416,416,-1
416,426,1
417,271,2
417,417,-174
417,418,98
417,531,64
417,675,4
417,745,1
417,775,1
417,853,1
417,856,3
418,271,8
418,355,2
418,389,4
418,418,-352
418,419,171
418,464,4
418,496,7
418,531,104
418,605,1
418,675,23
418,745,10
418,775,5
418,854,1
418,856,12
419,271,8
419,355,4
419,389,11
419,419,-434
419,420,126
419,427,2
419,464,7
419,496,6
419,531,101
419,605,1
419,642,1
419,675,109
419,745,16
419,775,10
419,854,4
419,856,28
420,271,3
420,355,3
420,389,6
420,420,-202
420,421,69
420,427,1
420,464,2
420,496,3
420,531,47
420,605,1
420,642,1
420,675,50
420,745,7
420,775,2
420,854,2
420,856,5
421,355,4
421,389,4
421,421,-95
421,422,25
421,427,1
421,496,2
421,531,24
421,605,1
421,675,25
421,745,3
421,775,2
421,854,3
421,856,1
422,422,-34
422,423,10
422,427,1
422,496,1
422,531,12
422,675,8
422,775,2
423,423,-13
423,424,7
423,531,1
423,675,4
423,856,1
424,271,1
424,424,-8
424,425,3
424,427,1
424,675,2
424,745,1
425,425,-3
425,426,1
425,531,1
425,675,1
426,426,-2
426,531,2
427,427,-1207
427,428,1207
428,271,9
428,315,54
428,355,13
428,427,5
428,428,-1762
428,429,764
428,435,797
428,464,7
428,566,46
428,605,9
428,642,2
428,711,55
428,852,1
429,271,3
429,315,32
429,355,7
429,427,3
429,429,-764
429,430,302
429,436,325
429,464,11
429,566,40
429,605,5
429,642,1
429,711,29
429,852,6
430,271,2
430,315,10
430,355,3
430,427,2
430,430,-302
430,431,63
430,437,142
430,464,1
430,566,19
430,605,3
430,711,55
430,852,2
431,315,2
431,355,1
431,427,1
431,431,-63
431,432,15
431,438,21
431,566,7
431,605,3
431,711,13
432,315,3
432,432,-15
432,433,3
432,439,5
432,566,2
432,711,2
433,433,-3
433,434,1
433,440,2
434,434,-1
434,441,1
435,271,6
435,315,23
435,355,15
435,435,-797
435,436,359
435,442,323
435,464,4
435,566,34
435,605,7
435,711,24
435,852,2
436,271,2
436,315,33
436,355,13
436,427,2
436,436,-684
436,437,285
436,443,267
436,464,6
436,566,33
436,605,2
436,642,1
436,711,39
436,852,1
437,271,4
437,315,18
437,355,6
437,427,1
437,437,-427
437,438,88
437,444,196
437,464,2
437,566,18
437,605,3
437,711,91
438,271,2
438,315,8
438,427,1
438,438,-109
438,439,29
438,445,46
438,464,2
438,566,7
438,711,14
439,315,2
439,439,-34
439,440,8
439,446,9
439,566,4
439,711,11
440,315,2
440,440,-10
440,441,4
440,447,4
441,441,-5
441,448,2
441,605,1
441,711,2
442,315,9
442,355,1
442,427,2
442,442,-323
442,443,135
442,455,143
442,464,2
442,566,18
442,605,1
442,642,2
442,711,9
442,852,1
443,271,4
443,315,30
443,355,8
443,427,2
443,443,-402
443,444,182
443,456,133
443,464,1
443,566,23
443,605,1
443,642,1
443,711,16
443,852,1
444,271,1
444,315,30
444,355,8
444,444,-378
444,445,82
444,457,144
444,464,1
444,566,21
444,605,2
444,642,3
444,711,86
445,271,2
445,315,12
445,445,-128
445,446,33
445,458,40
445,566,5
445,605,3
445,642,1
445,711,32
446,271,1
446,315,2
446,355,1
446,446,-42
446,447,11
446,459,11
446,566,7
446,605,1
446,711,8
447,315,2
447,447,-15
447,448,4
447,460,4
447,566,4
447,711,1
448,315,1
448,448,-6
448,449,2
448,566,2
448,711,1
449,315,1
449,449,-2
449,450,1
450,450,-1
450,451,1
451,451,-1
451,452,1
452,452,-1
452,453,1
453,453,-1
453,454,1
454,454,-1
454,462,1
455,271,1
455,315,2
455,355,2
455,455,-143
455,456,47
455,464,84
455,566,4
455,605,1
455,711,1
455,852,1
456,271,2
456,315,13
456,355,1
456,427,2
456,456,-180
456,457,73
456,464,65
456,566,14
456,605,2
456,711,7
456,852,1
457,271,4
457,315,16
457,355,1
457,427,2
457,457,-217
457,458,62
457,464,56
457,566,25
457,605,5
457,711,45
457,852,1
458,271,1
458,315,7
458,355,1
458,458,-102
458,459,30
458,464,18
458,566,13
458,605,3
458,711,29
459,271,2
459,315,5
459,427,1
459,459,-41
459,460,12
459,464,9
459,566,4
459,711,8
460,460,-16
460,461,4
460,464,5
460,566,3
460,605,1
460,711,2
460,852,1
461,315,1
461,461,-4
461,566,1
461,711,2
462,462,-1
462,463,1
463,463,-1
463,711,1
464,464,-1851
464,465,1851
465,271,12
465,355,9
465,389,69
465,427,3
465,464,13
465,465,-1929
465,466,828
465,470,787
465,496,11
465,531,14
465,566,1
465,605,62
465,642,24
465,675,9
465,711,1
465,745,29
465,775,5
465,852,4
465,854,1
465,860,47
466,271,7
466,355,3
466,389,33
466,464,11
466,466,-828
466,467,341
466,471,304
466,496,4
466,531,5
466,566,1
466,605,46
466,642,9
466,675,8
466,745,20
466,775,6
466,854,1
466,860,29
467,271,3
467,355,1
467,389,16
467,464,2
467,467,-341
467,468,61
467,472,138
467,496,3
467,531,1
467,605,19
467,642,9
467,675,2
467,745,71
467,775,3
467,860,12
468,389,3
468,468,-61
468,469,15
468,473,21
468,605,3
468,745,16
468,775,1
468,860,2
469,389,2
469,469,-15
469,474,9
469,745,3
469,860,1
470,271,8
470,355,4
470,389,28
470,427,3
470,464,7
470,470,-787
470,471,343
470,478,276
470,496,13
470,531,2
470,605,34
470,642,12
470,675,5
470,745,19
470,775,2
470,852,1
470,853,1
470,854,4
470,860,25
471,271,8
471,355,3
471,389,23
471,427,1
471,464,13
471,471,-647
471,472,279
471,479,210
471,496,7
471,531,3
471,605,32
471,642,17
471,675,5
471,711,1
471,745,15
471,775,4
471,852,1
471,854,4
471,860,21
472,271,7
472,355,2
472,389,21
472,427,1
472,464,6
472,472,-417
472,473,84
472,480,134
472,496,6
472,531,4
472,605,25
472,642,11
472,675,3
472,745,91
472,775,7
472,852,1
472,860,14
473,271,1
473,389,5
473,464,1
473,473,-105
473,474,24
473,481,35
473,496,3
473,605,7
473,642,3
473,745,23
473,856,1
473,860,2
474,464,1
474,474,-33
474,475,11
474,482,10
474,745,9
474,775,2
475,271,1
475,475,-11
475,476,6
475,483,3
475,745,1
476,464,1
476,476,-6
476,477,1
476,484,2
476,605,1
476,745,1
477,477,-1
477,745,1
478,271,4
478,389,10
478,427,2
478,464,1
478,478,-276
478,479,108
478,488,115
478,496,3
478,605,12
478,642,6
478,675,1
478,745,9
478,775,1
478,860,4
479,271,1
479,389,20
479,464,10
479,479,-318
479,480,144
479,489,88
479,496,5
479,605,14
479,642,12
479,675,3
479,745,12
479,775,1
479,860,8
480,271,2
480,315,1
480,355,1
480,389,13
480,464,5
480,480,-278
480,481,67
480,490,76
480,496,1
480,531,3
480,605,17
480,642,6
480,675,1
480,745,74
480,775,2
480,852,1
480,854,1
480,860,7
481,271,2
481,389,5
481,464,3
481,481,-102
481,482,28
481,491,31
481,496,4
481,531,2
481,605,5
481,745,16
481,775,1
481,860,5
482,271,2
482,464,1
482,482,-38
482,483,14
482,492,6
482,496,1
482,605,3
482,675,1
482,745,9
482,860,1
483,389,2
483,464,1
483,483,-17
483,484,4
483,493,2
483,496,1
483,745,6
483,860,1
484,484,-6
484,485,2
484,494,3
484,745,1
485,485,-2
485,486,1
485,495,1
486,486,-1
486,487,1
487,487,-1
487,642,1
488,271,1
488,389,4
488,427,1
488,488,-115
488,489,56
488,531,49
488,605,1
488,745,3
489,271,1
489,355,2
489,389,6
489,427,1
489,464,2
489,489,-144
489,490,72
489,531,39
489,605,7
489,642,5
489,711,1
489,745,4
489,860,4
490,271,2
490,389,6
490,464,1
490,490,-148
490,491,47
490,496,1
490,531,27
490,566,1
490,605,14
490,642,6
490,675,1
490,745,28
490,775,6
490,852,1
490,854,1
490,860,6
491,355,1
491,389,7
491,427,1
491,464,1
491,491,-78
491,492,21
491,496,2
491,531,19
491,605,7
491,642,1
491,745,8
491,775,6
491,860,4
492,271,1
492,464,3
492,492,-27
492,493,6
492,496,1
492,531,2
492,605,3
492,675,1
492,745,5
492,775,4
492,860,1
493,493,-8
493,494,4
493,496,1
493,745,2
493,860,1
494,355,1
494,389,1
494,494,-7
494,531,2
494,605,1
494,745,2
495,495,-1
495,496,1
496,496,-1071
496,497,1071
497,271,3
497,315,8
497,355,17
497,389,1
497,464,28
497,496,2
497,497,-1565
497,498,689
497,503,699
497,531,6
497,605,2
497,642,26
497,675,1
497,711,41
497,745,6
497,775,34
497,856,1
497,860,1
498,271,1
498,315,7
498,355,9
498,389,1
498,464,15
498,496,1
498,498,-689
498,499,297
498,504,270
498,531,2
498,605,2
498,642,19
498,675,1
498,711,30
498,745,12
498,775,20
498,852,1
498,860,1
499,315,7
499,355,2
499,464,5
499,499,-297
499,500,59
499,505,151
499,642,3
499,711,10
499,745,4
499,775,55
499,856,1
500,355,1
500,464,1
500,496,1
500,500,-59
500,501,6
500,506,31
500,642,1
500,675,1
500,711,1
500,775,16
501,315,1
501,501,-6
501,502,1
501,507,1
501,775,3
502,502,-1
502,508,1
503,271,7
503,315,7
503,355,4
503,389,1
503,427,3
503,464,11
503,496,1
503,503,-699
503,504,287
503,511,326
503,642,11
503,675,2
503,711,17
503,745,3
503,775,18
503,856,1
504,271,6
504,315,10
504,355,6
504,389,1
504,464,10
504,504,-557
504,505,254
504,512,196
504,531,2
504,566,1
504,642,15
504,675,3
504,711,26
504,745,8
504,775,16
504,856,3
505,271,2
505,315,8
505,355,4
505,427,3
505,464,11
505,505,-405
505,506,82
505,513,163
505,531,2
505,642,8
505,675,1
505,711,18
505,745,4
505,775,98
505,856,1
506,315,1
506,355,3
506,464,6
506,506,-113
506,507,29
506,514,41
506,642,1
506,711,5
506,745,2
506,775,24
506,852,1
507,507,-30
507,508,15
507,515,12
507,531,1
507,775,2
508,315,1
508,508,-16
508,509,6
508,516,6
508,642,1
508,711,1
508,775,1
509,464,1
509,509,-6
509,510,1
509,517,3
509,775,1
510,510,-1
510,518,1
511,315,3
511,355,3
511,464,5
511,496,2
511,511,-326
511,512,93
511,520,205
511,531,1
511,642,3
511,711,7
511,775,3
511,852,1
512,271,1
512,315,6
512,355,4
512,389,2
512,464,8
512,512,-289
512,513,128
512,521,96
512,531,2
512,642,5
512,675,1
512,711,15
512,745,2
512,775,17
512,856,2
513,271,1
513,315,8
513,355,10
513,389,2
513,427,1
513,464,9
513,496,1
513,513,-291
513,514,71
513,522,88
513,531,3
513,605,1
513,642,10
513,675,1
513,711,11
513,745,5
513,775,68
513,856,1
514,271,2
514,315,4
514,355,1
514,389,1
514,464,4
514,514,-112
514,515,30
514,523,38
514,566,2
514,642,5
514,675,1
514,711,2
514,775,21
514,856,1
515,271,1
515,355,1
515,515,-42
515,516,12
515,524,13
515,642,5
515,711,4
515,745,1
515,775,5
516,315,1
516,516,-18
516,517,6
516,525,6
516,711,1
516,775,4
517,464,1
517,517,-9
517,518,6
517,526,1
517,775,1
518,518,-7
518,519,1
518,527,2
518,566,1
518,711,1
518,775,2
519,519,-1
519,528,1
520,271,1
520,315,1
520,355,1
520,389,1
520,464,1
520,520,-205
520,521,26
520,531,172
520,642,1
520,860,1
521,271,1
521,315,2
521,355,1
521,389,2
521,427,1
521,464,4
521,521,-122
521,522,55
521,531,37
521,642,5
521,711,6
521,775,8
522,271,1
522,315,1
522,355,3
522,464,7
522,522,-143
522,523,31
522,531,46
522,605,1
522,642,5
522,711,7
522,775,39
522,856,2
523,271,1
523,315,2
523,355,2
523,464,4
523,523,-69
523,524,20
523,531,15
523,642,6
523,675,1
523,711,5
523,745,1
523,775,12
524,271,1
524,315,1
524,355,2
524,464,1
524,524,-33
524,525,9
524,531,10
524,711,1
524,775,8
525,315,1
525,355,1
525,525,-15
525,526,5
525,531,4
525,642,1
525,711,1
525,775,2
526,526,-6
526,527,1
526,531,1
526,711,1
526,775,3
527,271,1
527,527,-3
527,528,1
527,531,1
528,528,-2
528,529,2
529,271,1
529,529,-2
529,530,1
530,427,1
530,530,-1
531,531,-1583
531,532,1583
532,271,5
532,315,1
532,355,5
532,389,18
532,427,1
532,464,10
532,496,15
532,497,1
532,531,26
532,532,-1640
532,533,763
532,540,644
532,566,1
532,642,2
532,675,22
532,745,25
532,775,11
532,810,41
532,858,9
532,862,6
532,864,34
533,271,5
533,355,2
533,389,4
533,464,4
533,496,5
533,497,1
533,531,25
533,533,-763
533,534,349
533,541,275
533,605,1
533,675,11
533,745,12
533,775,8
533,810,31
533,852,1
533,858,6
533,862,2
533,864,21
534,271,2
534,389,4
534,427,1
534,464,5
534,496,2
534,531,14
534,534,-349
534,535,66
534,542,147
534,675,5
534,745,10
534,775,5
534,810,79
534,858,3
534,864,6
535,389,2
535,496,1
535,531,3
535,535,-66
535,536,12
535,543,25
535,675,1
535,745,1
535,775,1
535,810,19
535,864,1
536,389,1
536,531,1
536,536,-12
536,537,5
536,544,2
536,642,1
536,810,2
537,464,1
537,496,1
537,537,-5
537,538,2
537,545,1
538,538,-2
538,539,1
538,675,1
539,539,-1
539,547,1
540,271,6
540,355,3
540,389,12
540,427,1
540,464,3
540,496,10
540,531,13
540,540,-644
540,541,303
540,549,216
540,675,13
540,711,1
540,745,15
540,775,6
540,810,24
540,858,1
540,862,1
540,864,16
541,271,6
541,355,6
541,389,5
541,427,2
541,464,2
541,496,4
541,531,13
541,541,-578
541,542,281
541,550,190
541,566,1
541,605,1
541,675,10
541,711,1
541,745,6
541,775,8
541,810,20
541,858,6
541,862,1
541,864,15
542,271,3
542,355,4
542,389,4
542,427,2
542,464,1
542,496,5
542,531,12
542,542,-428
542,543,115
542,551,123
542,605,1
542,675,8
542,745,9
542,775,8
542,810,114
542,858,3
542,862,2
542,864,14
543,271,1
543,355,1
543,427,1
543,464,2
543,496,4
543,531,3
543,543,-140
543,544,37
543,552,40
543,675,3
543,711,1
543,745,5
543,810,36
543,858,3
543,864,3
544,271,1
544,531,1
544,544,-39
544,545,14
544,553,13
544,675,1
544,810,5
544,858,1
544,864,3
545,545,-15
545,546,2
545,554,7
545,675,1
545,810,5
546,546,-2
546,547,1
546,555,1
547,531,1
547,547,-2
547,548,1
548,548,-1
548,557,1
549,271,2
549,389,2
549,427,1
549,464,1
549,496,3
549,531,1
549,549,-216
549,550,97
549,558,82
549,675,2
549,745,6
549,775,1
549,810,9
549,858,2
549,864,7
550,271,3
550,355,1
550,389,4
550,427,1
550,464,1
550,496,2
550,531,14
550,550,-287
550,551,124
550,559,84
550,605,1
550,642,1
550,675,7
550,745,9
550,775,3
550,810,19
550,858,2
550,862,3
550,864,8
551,271,2
551,355,2
551,389,7
551,427,1
551,464,3
551,496,3
551,531,3
551,551,-247
551,552,61
551,560,78
551,675,7
551,745,4
551,775,2
551,810,63
551,858,2
551,862,3
551,864,6
552,271,1
552,355,1
552,389,5
552,427,1
552,464,3
552,496,1
552,531,4
552,552,-101
552,553,24
552,561,24
552,675,1
552,711,1
552,745,6
552,775,1
552,810,24
552,862,2
552,864,2
553,496,1
553,531,2
553,553,-37
553,554,9
553,562,10
553,675,2
553,745,2
553,775,2
553,810,6
553,864,3
554,271,1
554,554,-16
554,555,6
554,563,3
554,745,1
554,775,2
554,810,2
554,864,1
555,555,-7
555,556,3
555,564,2
555,810,2
556,556,-3
556,557,1
556,565,1
556,810,1
557,557,-2
557,810,1
557,862,1
558,464,1
558,531,32
558,558,-82
558,559,47
558,745,1
558,858,1
559,271,2
559,389,2
559,427,1
559,464,2
559,496,2
559,531,36
559,559,-131
559,560,61
559,675,6
559,745,7
559,810,7
559,862,1
559,864,4
560,271,6
560,355,1
560,389,3
560,496,2
560,531,29
560,560,-139
560,561,37
560,675,4
560,745,5
560,775,4
560,810,42
560,854,1
560,864,5
561,496,1
561,531,17
561,561,-61
561,562,19
561,745,3
561,775,1
561,810,15
561,858,2
561,862,2
561,864,1
562,271,1
562,389,2
562,531,7
562,562,-29
562,563,6
562,675,2
562,745,3
562,810,8
563,271,1
563,464,1
563,531,1
563,563,-9
563,564,3
563,675,2
563,745,1
564,464,1
564,531,2
564,564,-5
564,565,1
564,810,1
565,565,-2
565,675,1
565,745,1
566,566,-23674
566,567,23674
567,566,118
567,567,-26535
567,568,13597
567,575,10424
567,605,563
567,642,171
567,711,20
567,852,1642
568,566,89
568,568,-13597
568,569,5645
568,576,5884
568,605,495
568,642,113
568,711,9
568,852,1362
569,566,24
569,569,-5645
569,570,1031
569,577,2635
569,605,240
569,642,46
569,711,1
569,852,1668
570,566,6
570,570,-1031
570,571,183
570,578,437
570,605,50
570,642,12
570,852,343
571,566,1
571,571,-183
571,572,32
571,579,80
571,605,9
571,852,61
572,572,-32
572,573,5
572,580,11
572,605,4
572,642,1
572,852,11
573,573,-5
573,574,1
573,852,4
574,574,-1
574,582,1
575,566,72
575,575,-10424
575,576,5343
575,585,3501
575,605,333
575,642,109
575,711,15
575,852,1051
576,566,105
576,576,-11227
576,577,5069
576,586,4088
576,605,443
576,642,137
576,711,13
576,852,1372
577,566,32
577,577,-7704
577,578,1590
577,587,3121
577,605,333
577,642,93
577,711,8
577,852,2527
578,566,10
578,578,-2027
578,579,435
578,588,783
578,605,87
578,642,30
578,711,3
578,852,679
579,566,3
579,579,-515
579,580,125
579,589,180
579,605,24
579,642,4
579,852,179
580,566,2
580,580,-136
580,581,43
580,590,45
580,605,6
580,642,1
580,852,39
581,581,-43
581,582,14
581,591,13
581,642,1
581,711,1
581,852,14
582,582,-15
582,583,4
582,592,7
582,605,1
582,852,3
583,583,-4
583,584,1
583,593,2
583,852,1
584,584,-1
584,605,1
585,566,39
585,585,-3501
585,586,1779
585,595,1115
585,605,129
585,642,32
585,711,7
585,852,400
586,566,62
586,586,-5867
586,587,2793
586,596,1754
586,605,292
586,642,94
586,711,10
586,852,862
587,566,50
587,587,-5914
587,588,1402
587,597,1878
587,605,309
587,642,86
587,711,8
587,852,2181
588,566,20
588,588,-2185
588,589,542
588,598,658
588,605,128
588,642,34
588,711,2
588,852,801
589,566,5
589,589,-722
589,590,197
589,599,215
589,605,41
589,642,14
589,711,1
589,852,249
590,566,1
590,590,-242
590,591,68
590,600,67
590,605,14
590,642,6
590,852,86
591,566,3
591,591,-81
591,592,27
591,601,21
591,605,2
591,642,3
591,852,25
592,592,-34
592,593,7
592,602,11
592,642,1
592,852,15
593,593,-9
593,594,2
593,603,1
593,642,1
593,852,5
594,594,-2
594,604,2
595,566,7
595,595,-1115
595,596,690
595,605,371
595,642,4
595,852,43
596,566,37
596,596,-2444
596,597,1185
596,605,793
596,642,40
596,711,4
596,852,385
597,566,45
597,597,-3063
597,598,850
597,605,885
597,642,68
597,711,3
597,852,1212
598,566,17
598,598,-1508
598,599,426
598,605,431
598,642,25
598,711,2
598,852,607
599,566,8
599,599,-641
599,600,180
599,605,195
599,642,18
599,711,1
599,852,239
600,566,4
600,600,-247
600,601,84
600,605,67
600,642,5
600,852,87
601,601,-105
601,602,33
601,605,27
601,642,1
601,852,44
602,602,-44
602,603,11
602,605,15
602,642,3
602,852,15
603,566,1
603,603,-12
603,604,4
603,605,2
603,642,1
603,852,4
604,604,-6
604,605,2
604,852,4
605,605,-12195
605,606,12195
606,566,66
606,606,-12159
606,607,5793
606,615,4745
606,642,56
606,675,269
606,711,12
606,745,88
606,775,51
606,852,3
606,853,54
606,854,1016
606,856,4
606,860,2
607,566,30
607,607,-5793
607,608,2414
607,616,2295
607,642,25
607,675,181
607,711,9
607,745,66
607,775,30
607,852,1
607,853,42
607,854,694
607,856,6
608,566,7
608,608,-2414
608,609,456
608,617,1024
608,642,8
608,675,61
608,711,4
608,745,28
608,775,17
608,853,24
608,854,785
609,566,2
609,609,-456
609,610,90
609,618,198
609,642,1
609,675,14
609,745,8
609,775,1
609,853,2
609,854,139
609,860,1
610,566,1
610,610,-90
610,611,18
610,619,36
610,642,1
610,675,1
610,852,1
610,853,1
610,854,30
610,856,1
611,611,-18
611,612,7
611,620,3
611,854,8
612,612,-7
612,613,3
612,642,1
612,854,3
613,613,-3
613,614,1
613,852,1
613,854,1
614,614,-1
614,854,1
615,566,46
615,605,1
615,615,-4745
615,616,2324
615,622,1607
615,642,26
615,675,99
615,711,7
615,745,52
615,775,31
615,853,36
615,854,514
615,856,2
616,566,39
616,616,-4619
616,617,2042
616,623,1602
616,642,27
616,675,148
616,711,14
616,745,45
616,775,28
616,852,2
616,853,43
616,854,627
616,856,2
617,566,19
617,617,-3066
617,618,620
617,624,1109
617,642,15
617,675,111
617,711,8
617,745,41
617,775,22
617,853,35
617,854,1081
617,856,5
618,566,8
618,618,-818
618,619,167
618,625,279
618,642,6
618,675,35
618,711,2
618,745,18
618,775,10
618,853,7
618,854,284
618,856,2
619,566,3
619,619,-203
619,620,47
619,626,66
619,642,2
619,675,7
619,745,6
619,775,1
619,853,1
619,854,70
620,605,1
620,620,-50
620,621,12
620,627,16
620,675,5
620,745,2
620,854,14
621,621,-12
621,628,3
621,675,1
621,854,8
622,566,19
622,622,-1607
622,623,778
622,632,525
622,642,5
622,675,41
622,711,2
622,745,23
622,775,8
622,852,2
622,853,7
622,854,194
622,856,1
622,860,2
623,566,27
623,623,-2380
623,624,1146
623,633,685
623,642,11
623,675,78
623,711,8
623,745,32
623,775,14
623,852,2
623,853,16
623,854,353
623,856,5
623,860,3
624,566,22
624,624,-2255
624,625,552
624,634,635
624,642,23
624,675,79
624,711,8
624,745,39
624,775,18
624,852,1
624,853,21
624,854,856
624,856,1
625,566,5
625,625,-831
625,626,206
625,635,229
625,642,6
625,675,36
625,711,2
625,745,12
625,775,6
625,852,1
625,853,4
625,854,324
626,566,2
626,626,-272
626,627,71
626,636,67
626,642,2
626,675,19
626,711,3
626,745,9
626,775,5
626,853,1
626,854,93
627,566,1
627,627,-87
627,628,23
627,637,18
627,675,4
627,775,1
627,854,40
628,628,-26
628,629,9
628,638,9
628,675,1
628,854,7
629,629,-9
629,630,4
629,675,1
629,854,4
630,630,-4
630,631,1
630,640,1
630,745,1
630,854,1
631,631,-1
631,675,1
632,566,4
632,632,-525
632,633,328
632,642,1
632,675,175
632,745,1
632,853,1
632,854,15
633,566,17
633,633,-1013
633,634,477
633,642,15
633,675,323
633,711,2
633,745,17
633,775,8
633,853,4
633,854,150
634,566,16
634,605,1
634,634,-1112
634,635,284
634,642,20
634,675,286
634,711,1
634,745,43
634,775,6
634,853,1
634,854,453
634,860,1
635,566,5
635,605,1
635,635,-513
635,636,164
635,642,6
635,675,112
635,711,3
635,745,12
635,775,4
635,854,206
636,566,5
636,605,1
636,636,-231
636,637,72
636,642,1
636,675,51
636,711,1
636,745,9
636,775,1
636,854,90
637,566,3
637,637,-90
637,638,25
637,642,4
637,675,27
637,745,6
637,775,1
637,854,24
638,638,-34
638,639,8
638,675,11
638,745,2
638,854,13
639,639,-8
639,640,2
639,675,3
639,854,3
640,640,-3
640,641,3
641,641,-3
641,675,1
641,854,2
642,642,-5027
642,643,5027
643,566,23
643,605,76
643,642,61
643,643,-6725
643,644,3139
643,650,2965
643,675,14
643,711,6
643,745,23
643,775,1
643,852,4
643,854,11
643,856,402
644,566,12
644,605,54
644,642,49
644,644,-3139
644,645,1339
644,651,1334
644,675,15
644,711,3
644,745,19
644,775,1
644,852,3
644,853,1
644,854,4
644,856,305
645,566,4
645,605,32
645,642,15
645,645,-1339
645,646,237
645,652,664
645,675,6
645,745,9
645,852,1
645,853,2
645,854,1
645,856,368
646,566,2
646,605,6
646,642,1
646,646,-237
646,647,41
646,653,121
646,711,1
646,745,1
646,856,64
647,566,1
647,647,-41
647,648,14
647,654,16
647,745,1
647,856,9
648,605,1
648,648,-14
648,649,1
648,655,8
648,856,4
649,649,-1
649,856,1
650,566,21
650,605,38
650,642,29
650,650,-2965
650,651,1303
650,658,1312
650,675,3
650,711,6
650,745,10
650,852,1
650,853,5
650,854,4
650,856,232
650,860,1
651,566,22
651,605,60
651,642,43
651,651,-2637
651,652,1166
651,659,1010
651,675,8
651,711,6
651,745,20
651,852,4
651,853,3
651,854,2
651,856,293
652,566,10
652,605,31
652,642,24
652,652,-1830
652,653,377
652,660,786
652,675,6
652,711,3
652,745,19
652,775,1
652,852,2
652,853,3
652,854,6
652,856,562
653,566,5
653,605,5
653,642,9
653,653,-498
653,654,109
653,661,204
653,675,1
653,711,1
653,745,7
653,854,1
653,856,156
654,605,10
654,642,3
654,654,-125
654,655,31
654,662,42
654,745,1
654,856,38
655,605,2
655,642,1
655,655,-39
655,656,9
655,663,15
655,856,12
656,656,-9
656,657,4
656,664,4
656,856,1
657,642,1
657,657,-4
657,745,1
657,856,2
658,566,8
658,605,16
658,642,14
658,658,-1312
658,659,528
658,666,631
658,675,1
658,711,1
658,745,5
658,852,1
658,853,1
658,854,1
658,856,105
659,566,16
659,605,39
659,642,30
659,659,-1538
659,660,730
659,667,505
659,675,5
659,711,2
659,745,9
659,853,6
659,854,6
659,856,190
660,566,13
660,605,39
660,642,22
660,660,-1516
660,661,344
660,668,561
660,675,2
660,711,2
660,745,17
660,775,1
660,852,2
660,853,3
660,854,8
660,856,502
661,566,6
661,605,19
661,642,10
661,661,-548
661,662,132
661,669,174
661,675,3
661,711,1
661,745,5
661,852,3
661,853,1
661,856,194
662,566,2
662,605,2
662,642,2
662,662,-174
662,663,49
662,670,51
662,711,3
662,745,4
662,853,1
662,854,3
662,856,57
663,566,1
663,605,3
663,663,-64
663,664,12
663,671,20
663,675,2
663,745,1
663,853,1
663,856,24
664,605,2
664,664,-16
664,665,3
664,672,3
664,675,1
664,856,7
665,605,1
665,665,-3
665,673,1
665,856,1
666,605,3
666,642,1
666,666,-631
666,667,207
666,675,405
666,745,1
666,853,1
666,854,1
666,856,12
667,566,6
667,605,20
667,642,12
667,667,-712
667,668,312
667,675,239
667,711,2
667,745,15
667,852,2
667,854,1
667,856,103
668,566,8
668,605,35
668,642,17
668,668,-873
668,669,267
668,675,208
668,745,24
668,852,1
668,854,1
668,856,312
669,566,5
669,605,13
669,642,13
669,669,-441
669,670,126
669,675,102
669,711,2
669,745,12
669,854,1
669,856,167
670,566,2
670,605,7
670,642,8
670,670,-177
670,671,34
670,675,53
670,711,1
670,745,6
670,852,1
670,854,1
670,856,64
671,605,2
671,671,-54
671,672,15
671,675,11
671,711,2
671,745,2
671,856,22
672,642,1
672,672,-18
672,673,4
672,675,8
672,856,5
673,642,1
673,673,-5
673,674,2
673,675,2
674,674,-2
674,856,2
675,675,-5219
675,676,5219
676,566,23
676,642,18
676,675,44
676,676,-5452
676,677,2628
676,683,2187
676,711,13
676,745,37
676,775,19
676,810,39
676,855,2
676,856,2
676,857,1
676,858,437
676,860,1
676,862,1
677,566,18
677,642,20
677,675,29
677,677,-2628
677,678,1090
677,684,1082
677,711,7
677,745,30
677,775,11
677,810,39
677,854,2
677,855,4
677,857,2
677,858,290
677,860,3
677,862,1
678,566,3
678,642,5
678,675,4
678,678,-1090
678,679,230
678,685,466
678,711,3
678,745,9
678,775,7
678,810,19
678,854,1
678,855,2
678,858,340
678,860,1
679,566,1
679,642,1
679,675,3
679,679,-230
679,680,48
679,686,96
679,745,3
679,775,1
679,810,3
679,858,74
680,680,-48
680,681,12
680,687,20
680,810,2
680,858,14
681,681,-12
681,682,5
681,688,3
681,745,1
681,858,3
682,682,-5
682,745,1
682,858,4
683,566,8
683,605,1
683,642,16
683,675,37
683,683,-2187
683,684,1066
683,692,749
683,711,4
683,745,20
683,775,17
683,810,16
683,854,4
683,855,3
683,856,1
683,858,245
684,566,15
684,642,15
684,675,20
684,684,-2148
684,685,985
684,693,748
684,711,4
684,745,21
684,775,19
684,810,22
684,854,3
684,855,5
684,856,2
684,858,289
685,566,6
685,642,11
685,675,23
685,685,-1451
685,686,299
685,694,567
685,711,2
685,745,21
685,775,12
685,810,23
685,854,1
685,855,1
685,856,1
685,858,482
685,860,1
685,862,1
686,566,7
686,642,2
686,675,5
686,686,-395
686,687,87
686,695,138
686,711,1
686,745,5
686,775,3
686,810,6
686,858,141
687,566,1
687,675,2
687,687,-107
687,688,26
687,696,33
687,745,2
687,810,2
687,858,41
688,675,1
688,688,-29
688,689,8
688,697,7
688,775,1
688,858,12
689,689,-8
689,690,4
689,698,3
689,858,1
690,690,-4
690,691,2
690,699,1
690,810,1
691,691,-2
691,858,2
692,566,4
692,642,7
692,675,6
692,692,-749
692,693,406
692,700,241
692,745,7
692,775,1
692,810,5
692,854,1
692,856,1
692,858,70
693,566,10
693,642,10
693,675,21
693,693,-1154
693,694,552
693,701,346
693,711,1
693,745,13
693,775,16
693,810,20
693,854,1
693,855,1
693,856,3
693,857,2
693,858,158
694,566,9
694,605,1
694,642,13
694,675,14
694,694,-1119
694,695,288
694,702,306
694,711,4
694,745,16
694,775,6
694,810,27
694,854,2
694,855,1
694,858,431
694,860,1
695,566,7
695,642,6
695,675,10
695,695,-426
695,696,115
695,703,106
695,745,9
695,775,7
695,810,7
695,855,1
695,858,158
696,566,1
696,642,3
696,675,4
696,696,-148
696,697,33
696,704,46
696,745,3
696,775,1
696,810,3
696,852,1
696,858,53
697,566,1
697,642,1
697,697,-40
697,698,12
697,705,12
697,854,1
697,858,13
698,698,-15
698,699,3
698,706,7
698,858,5
699,675,1
699,699,-4
699,707,2
699,858,1
700,566,1
700,675,1
700,700,-241
700,701,129
700,775,1
700,810,103
700,858,6
701,566,10
701,642,4
701,675,9
701,701,-475
701,702,215
701,711,1
701,745,9
701,775,6
701,810,153
701,856,2
701,858,66
702,566,2
702,605,1
702,642,8
702,675,6
702,702,-521
702,703,151
702,711,1
702,745,22
702,775,2
702,810,114
702,854,1
702,858,212
702,862,1
703,566,4
703,642,6
703,675,4
703,703,-257
703,704,73
703,711,2
703,745,7
703,775,3
703,810,76
703,858,81
703,860,1
704,566,2
704,642,5
704,704,-119
704,705,36
704,745,4
704,810,29
704,858,43
705,675,1
705,705,-48
705,706,15
705,775,1
705,810,12
705,858,19
706,706,-22
706,707,9
706,745,1
706,810,6
706,858,6
707,566,1
707,642,1
707,707,-11
707,708,2
707,745,1
707,810,2
707,858,4
708,708,-2
708,709,1
708,858,1
709,709,-1
709,710,1
710,710,-1
710,810,1
711,711,-2013
711,712,2013
712,566,10
712,605,44
712,642,16
712,712,-2665
712,713,1230
712,719,1216
712,745,5
712,860,144
713,566,10
713,605,31
713,642,16
713,711,1
713,713,-1230
713,714,512
713,720,539
713,745,2
713,852,1
713,860,118
714,566,4
714,605,19
714,642,4
714,711,1
714,714,-512
714,715,115
714,721,230
714,745,3
714,853,2
714,860,134
715,605,3
715,642,3
715,715,-115
715,716,20
715,722,49
715,745,1
715,860,39
716,716,-20
716,717,2
716,723,12
716,860,6
717,717,-2
717,718,1
717,860,1
718,718,-1
718,860,1
719,566,4
719,605,26
719,642,10
719,711,2
719,719,-1216
719,720,548
719,728,513
719,745,1
719,852,1
719,860,111
720,566,4
720,605,47
720,642,13
720,720,-1087
720,721,474
720,729,412
720,745,3
720,852,1
720,860,133
721,566,5
721,605,20
721,642,5
721,711,2
721,721,-704
721,722,138
721,730,306
721,745,1
721,852,1
721,853,1
721,860,225
722,605,4
722,642,4
722,722,-187
722,723,46
722,731,74
722,745,5
722,853,2
722,860,52
723,566,2
723,605,1
723,723,-58
723,724,16
723,732,15
723,860,24
724,605,1
724,724,-16
724,725,2
724,733,7
724,860,6
725,605,1
725,725,-2
725,726,1
726,726,-1
726,727,1
727,727,-1
727,860,1
728,566,3
728,605,13
728,642,6
728,711,1
728,728,-513
728,729,203
728,736,243
728,860,44
729,566,5
729,605,30
729,642,7
729,711,1
729,729,-615
729,730,297
729,737,199
729,745,1
729,860,75
730,566,4
730,605,23
730,642,13
730,711,1
730,730,-603
730,731,124
730,738,215
730,745,3
730,852,1
730,853,1
730,860,218
731,566,1
731,605,8
731,642,2
731,711,1
731,731,-198
731,732,41
731,739,69
731,745,4
731,852,2
731,853,1
731,860,69
732,566,2
732,605,2
732,642,2
732,732,-56
732,733,13
732,740,21
732,860,16
733,605,1
733,733,-20
733,734,5
733,741,5
733,860,9
734,605,1
734,734,-5
734,735,1
734,742,2
734,860,1
735,735,-1
735,743,1
736,736,-243
736,737,80
736,745,161
736,860,2
737,566,3
737,605,12
737,642,4
737,711,1
737,737,-279
737,738,144
737,745,81
737,860,34
738,566,4
738,605,14
738,642,8
738,711,1
738,738,-359
738,739,111
738,745,84
738,860,137
739,566,4
739,605,14
739,642,4
739,739,-180
739,740,58
739,745,41
739,860,59
740,566,4
740,605,7
740,642,1
740,740,-79
740,741,20
740,745,20
740,860,27
741,566,3
741,605,1
741,642,1
741,741,-25
741,742,7
741,745,1
741,860,12
742,742,-9
742,743,3
742,745,3
742,860,3
743,605,1
743,743,-4
743,744,3
744,605,1
744,744,-3
744,745,1
744,860,1
745,745,-2506
745,746,2506
746,566,12
746,642,8
746,675,52
746,711,6
746,745,14
746,746,-2439
746,747,1118
746,752,993
746,775,14
746,810,8
746,853,1
746,854,1
746,855,1
746,856,1
746,860,1
746,862,209
747,566,5
747,642,10
747,675,31
747,711,3
747,745,18
747,747,-1118
747,748,460
747,753,433
747,775,9
747,810,5
747,853,1
747,854,1
747,855,3
747,860,1
747,861,1
747,862,137
748,566,3
748,642,2
748,675,11
748,711,1
748,745,7
748,748,-460
748,749,82
748,754,164
748,775,1
748,810,4
748,855,1
748,861,1
748,862,183
749,566,2
749,675,2
749,745,1
749,749,-82
749,750,12
749,755,28
749,861,1
749,862,36
750,605,1
750,750,-12
750,751,3
750,756,4
750,862,4
751,751,-3
751,757,1
751,862,2
752,566,4
752,642,5
752,675,29
752,711,3
752,745,9
752,752,-993
752,753,459
752,760,356
752,775,3
752,810,2
752,853,1
752,855,1
752,861,1
752,862,120
753,566,3
753,642,1
753,675,23
753,711,2
753,745,15
753,753,-892
753,754,370
753,761,324
753,775,3
753,810,2
753,854,1
753,855,2
753,861,3
753,862,143
754,566,3
754,605,1
754,642,4
754,675,9
754,745,8
754,754,-534
754,755,128
754,762,173
754,775,9
754,810,2
754,855,2
754,861,3
754,862,192
755,566,3
755,642,1
755,675,4
755,745,2
755,755,-156
755,756,36
755,763,45
755,775,1
755,810,1
755,862,63
756,642,1
756,675,2
756,745,1
756,756,-40
756,757,8
756,764,11
756,775,2
756,862,15
757,757,-9
757,758,3
757,765,2
757,862,4
758,758,-3
758,759,2
758,766,1
759,642,1
759,759,-2
759,862,1
760,566,4
760,642,3
760,675,12
760,745,2
760,760,-356
760,761,166
760,768,128
760,775,4
760,810,1
760,862,36
761,566,6
761,642,3
761,675,11
761,745,4
761,761,-490
761,762,227
761,769,150
761,775,4
761,810,4
761,852,1
761,855,1
761,861,1
761,862,78
762,566,5
762,642,7
762,675,11
762,711,3
762,745,9
762,762,-400
762,763,89
762,770,119
762,775,3
762,810,4
762,854,1
762,855,2
762,862,147
763,566,1
763,642,3
763,675,4
763,711,1
763,745,1
763,763,-134
763,764,32
763,771,39
763,810,1
763,854,1
763,862,51
764,566,1
764,642,1
764,675,2
764,764,-43
764,765,12
764,772,8
764,862,19
765,745,1
765,765,-14
765,766,5
765,773,4
765,862,4
766,675,1
766,766,-6
766,767,1
766,774,3
766,862,1
767,767,-1
767,862,1
768,675,3
768,768,-128
768,769,71
768,810,50
768,862,4
769,566,2
769,642,1
769,675,3
769,745,4
769,769,-221
769,770,119
769,775,3
769,810,66
769,858,1
769,862,22
770,566,1
770,642,7
770,675,2
770,711,1
770,745,11
770,770,-238
770,771,80
770,810,53
770,860,1
770,861,1
770,862,81
771,566,3
771,642,1
771,675,2
771,745,5
771,771,-119
771,772,36
771,810,22
771,854,2
771,862,48
772,675,2
772,711,1
772,745,1
772,772,-44
772,773,9
772,810,17
772,855,1
772,862,13
773,675,1
773,773,-13
773,774,2
773,810,4
773,862,6
774,774,-5
774,810,2
774,862,3
775,775,-1192
775,776,1192
776,566,5
776,605,19
776,642,15
776,745,2
776,776,-1847
776,777,847
776,783,857
776,810,3
776,852,1
776,854,1
776,864,97
777,566,5
777,605,13
777,642,7
777,745,6
777,777,-847
777,778,390
777,784,346
777,810,1
777,852,2
777,857,1
777,864,76
778,566,1
778,605,5
778,642,4
778,745,3
778,778,-390
778,779,78
778,785,200
778,852,2
778,857,1
778,864,96
779,566,1
779,605,1
779,779,-78
779,780,18
779,786,45
779,864,13
780,780,-18
780,781,4
780,787,9
780,858,1
780,864,4
781,781,-4
781,782,1
781,788,1
781,864,2
782,782,-1
782,789,1
783,566,3
783,605,11
783,642,11
783,711,2
783,745,3
783,783,-857
783,784,371
783,791,393
783,852,1
783,857,1
783,864,61
784,566,5
784,605,15
784,642,14
784,711,1
784,745,5
784,784,-717
784,785,329
784,792,265
784,810,3
784,852,1
784,864,79
785,566,2
785,605,9
785,642,7
785,745,6
785,785,-529
785,786,107
785,793,227
785,810,5
785,852,1
785,854,1
785,864,164
786,566,1
786,605,3
786,642,6
786,745,2
786,786,-152
786,787,37
786,794,65
786,810,1
786,864,37
787,566,1
787,605,1
787,787,-46
787,788,8
787,795,21
787,864,15
788,788,-9
788,789,2
788,796,6
788,864,1
789,789,-3
789,790,1
789,797,2
790,790,-1
790,798,1
791,566,2
791,605,8
791,642,4
791,745,1
791,791,-393
791,792,138
791,799,214
791,810,1
791,864,25
792,566,6
792,605,7
792,642,7
792,711,1
792,745,3
792,792,-403
792,793,195
792,800,129
792,852,1
792,854,3
792,864,51
793,566,1
793,605,5
793,642,4
793,745,4
793,793,-422
793,794,96
793,801,152
793,810,3
793,852,1
793,854,2
793,857,2
793,864,152
794,566,3
794,605,5
794,642,5
794,745,1
794,794,-161
794,795,43
794,802,52
794,810,1
794,864,51
795,566,1
795,605,1
795,711,1
795,745,2
795,795,-64
795,796,16
795,803,23
795,864,20
796,642,1
796,796,-22
796,797,6
796,804,4
796,810,1
796,864,10
797,642,1
797,797,-8
797,798,2
797,805,2
797,864,3
798,798,-3
798,806,2
798,864,1
799,605,1
799,642,1
799,799,-214
799,800,43
799,810,166
799,864,3
800,566,4
800,605,1
800,642,6
800,711,1
800,745,1
800,800,-172
800,801,82
800,810,57
800,854,1
800,857,1
800,864,18
801,566,1
801,605,8
801,642,7
801,745,2
801,801,-234
801,802,68
801,810,56
801,858,1
801,864,91
802,605,6
802,642,1
802,711,1
802,745,3
802,802,-120
802,803,31
802,810,28
802,864,50
803,605,1
803,642,2
803,803,-54
803,804,9
803,810,17
803,864,25
804,605,1
804,804,-13
804,805,5
804,810,1
804,864,6
805,805,-7
805,806,3
805,810,1
805,864,3
806,806,-5
806,807,2
806,864,3
807,807,-2
807,808,1
807,810,1
808,808,-1
808,809,1
809,605,1
809,809,-1
810,810,-2064
810,811,2064
811,566,12
811,642,8
811,675,11
811,711,4
811,745,10
811,746,1
811,775,5
811,810,22
811,811,-2110
811,812,1077
811,818,811
811,858,1
811,862,1
811,866,147
812,566,6
812,605,1
812,642,7
812,675,8
812,711,2
812,745,9
812,775,8
812,810,12
812,812,-1077
812,813,478
812,819,413
812,854,3
812,856,1
812,859,1
812,866,128
813,566,7
813,642,3
813,675,7
813,745,4
813,775,5
813,810,7
813,813,-478
813,814,99
813,820,194
813,859,1
813,866,151
814,566,1
814,642,1
814,675,1
814,775,1
814,814,-99
814,815,14
814,821,42
814,860,1
814,866,38
815,642,1
815,711,1
815,745,1
815,815,-14
815,816,3
815,822,5
815,866,3
816,775,1
816,816,-3
816,817,1
816,866,1
817,817,-1
817,866,1
818,566,7
818,642,2
818,675,15
818,745,5
818,775,6
818,810,7
818,818,-811
818,819,400
818,828,293
818,852,1
818,858,1
818,866,74
819,566,7
819,642,4
819,675,9
819,711,2
819,745,12
819,810,16
819,819,-813
819,820,370
819,829,273
819,854,1
819,858,2
819,866,117
820,566,4
820,642,3
820,675,6
820,711,1
820,745,7
820,775,1
820,810,13
820,820,-564
820,821,133
820,830,200
820,852,1
820,854,1
820,860,1
820,866,193
821,642,1
821,675,4
821,711,1
821,745,2
821,810,4
821,821,-175
821,822,43
821,831,51
821,866,69
822,775,1
822,822,-48
822,823,14
822,832,14
822,866,19
823,810,1
823,823,-14
823,824,2
823,833,3
823,866,8
824,824,-2
824,825,2
825,825,-2
825,826,2
826,826,-2
826,827,1
826,836,1
827,827,-1
827,837,1
828,566,5
828,642,2
828,675,5
828,711,1
828,745,4
828,775,4
828,810,3
828,828,-293
828,829,138
828,841,100
828,854,1
828,866,30
829,566,5
829,642,3
829,675,4
829,711,1
829,745,3
829,775,6
829,810,3
829,829,-411
829,830,193
829,842,129
829,854,1
829,866,63
830,566,4
830,642,2
830,675,8
830,711,1
830,745,7
830,775,10
830,810,7
830,830,-393
830,831,104
830,843,110
830,852,1
830,854,1
830,858,2
830,866,136
831,566,1
831,745,2
831,775,2
831,810,1
831,831,-155
831,832,49
831,844,33
831,862,1
831,866,66
832,566,1
832,675,1
832,745,1
832,775,2
832,810,2
832,832,-63
832,833,15
832,845,18
832,866,23
833,566,1
833,642,1
833,833,-18
833,834,7
833,846,2
833,854,1
833,866,6
834,566,1
834,834,-7
834,835,5
834,847,1
835,835,-5
835,836,2
835,848,2
835,866,1
836,836,-3
836,837,3
837,837,-4
837,838,1
837,850,2
837,866,1
838,838,-1
838,839,1
839,839,-1
839,840,1
840,840,-1
840,866,1
841,642,1
841,675,1
841,810,33
841,841,-100
841,842,64
841,866,1
842,566,2
842,642,1
842,675,2
842,711,1
842,745,1
842,775,4
842,810,48
842,842,-193
842,843,106
842,856,1
842,858,1
842,866,26
843,566,4
843,605,2
843,642,4
843,711,1
843,745,8
843,775,2
843,810,46
843,843,-216
843,844,59
843,858,1
843,866,89
844,566,2
844,605,1
844,642,3
844,675,1
844,711,2
844,745,4
844,810,18
844,844,-92
844,845,27
844,866,34
845,566,2
845,605,1
845,642,1
845,745,2
845,810,7
845,845,-45
845,846,16
845,866,16
846,566,1
846,745,1
846,810,2
846,846,-18
846,847,7
846,866,7
847,745,1
847,810,3
847,847,-8
847,848,2
847,866,2
848,848,-4
848,849,1
848,866,3
849,849,-1
849,866,1
850,566,1
850,850,-2
850,851,1
851,851,-1
851,866,1
852,852,-18043
852,853,18043
854,854,-7466
854,855,7466
856,856,-4269
856,857,4269
858,858,-3352
858,859,3352
860,860,-1747
860,861,1747
862,862,-1469
862,863,1469
864,864,-1191
864,865,1191
866,866,-1328
866,867,1328
