857,0,0
0,0,0
256,271,0
257,150,0
258,50,0
259,9,0
260,6,0
261,1,0
262,1,0
263,0,0
320,173,0
321,184,0
322,105,0
323,19,0
324,5,0
325,1,0
326,0,0
327,0,0
328,0,0
329,0,0
330,0,0
384,92,0
385,127,0
386,91,0
387,41,0
388,10,0
389,7,0
390,3,0
391,0,0
392,0,0
393,0,0
394,0,0
448,5,0
449,57,0
450,78,0
451,47,0
452,20,0
453,10,0
454,2,0
455,0,0
456,0,0
457,0,0
458,0,0
459,0,0
460,0,0
512,0,0
768,139,0
769,102,0
770,32,0
771,8,0
772,0,0
773,0,0
774,0,0
775,0,0
776,0,0
832,85,0
833,124,0
834,69,0
835,17,0
836,7,0
837,2,0
838,0,0
839,0,0
840,0,0
896,42,0
897,54,0
898,43,0
899,35,0
900,7,0
901,2,0
902,0,0
903,2,0
904,0,0
905,0,0
906,0,0
960,4,0
961,36,0
962,42,0
963,20,0
964,4,0
965,3,0
966,2,0
967,2,0
968,0,0
969,0,0
1024,0,0
1280,79,0
1281,51,0
1282,22,0
1283,6,0
1284,4,0
1285,0,0
1286,0,0
1287,0,0
1288,0,0
1289,0,0
1344,50,0
1345,75,0
1346,37,0
1347,21,0
1348,7,0
1349,4,0
1350,0,0
1351,0,0
1352,0,0
1353,0,0
1354,0,0
1408,17,0
1409,42,0
1410,34,0
1411,18,0
1412,2,0
1413,1,0
1414,0,0
1415,0,0
1416,0,0
1472,4,0
1473,22,0
1474,33,0
1475,16,0
1476,4,0
1477,3,0
1478,1,0
1479,1,0
1480,0,0
1536,0,0
1792,130,0
1793,79,0
1794,35,0
1795,4,0
1796,1,0
1797,0,0
1798,0,0
1856,54,0
1857,70,0
1858,53,0
1859,19,0
1860,2,0
1861,1,0
1862,0,0
1863,0,0
1920,23,0
1921,31,0
1922,52,0
1923,27,0
1924,3,0
1925,0,0
1926,0,0
1927,0,0
1984,2,0
1985,25,0
1986,30,0
1987,16,0
1988,7,0
1989,1,0
1990,0,0
1991,1,0
2048,0,0
2304,36,0
2305,17,0
2306,9,0
2307,0,0
2308,0,0
2368,20,0
2369,18,0
2370,17,0
2371,1,0
2372,2,0
2373,0,0
2374,0,0
2432,10,0
2433,21,0
2434,22,0
2435,9,0
2436,1,0
2437,0,0
2438,1,0
2496,1,0
2497,7,0
2498,13,0
2499,6,0
2500,2,0
2501,1,0
2560,0,0
2816,125,0
2817,60,0
2818,29,0
2819,5,0
2820,1,0
2821,0,0
2880,57,0
2881,51,0
2882,35,0
2883,13,0
2884,1,0
2885,2,0
2944,30,0
2945,41,0
2946,42,0
2947,14,0
2948,2,0
2949,2,0
2950,1,0
2951,1,0
3008,2,0
3009,9,0
3010,20,0
3011,9,0
3012,7,0
3013,4,0
3014,1,0
3072,0,0
3328,79,0
3329,55,0
3330,21,0
3331,3,0
3332,1,0
3392,40,0
3393,45,0
3394,38,0
3395,7,0
3396,5,0
3397,1,0
3456,18,0
3457,35,0
3458,29,0
3459,10,0
3460,3,0
3461,5,0
3462,0,0
3520,7,0
3521,17,0
3522,7,0
3523,13,0
3524,4,0
3525,3,0
3526,0,0
3527,3,0
3584,0,0
3840,107,0
3841,80,0
3842,34,0
3843,4,0
3844,0,0
3845,0,0
3904,58,0
3905,77,0
3906,48,0
3907,8,0
3908,1,0
3909,1,0
3968,19,0
3969,48,0
3970,38,0
3971,10,0
3972,9,0
3973,2,0
3974,0,0
3975,1,0
4032,11,0
4033,29,0
4034,38,0
4035,24,0
4036,7,0
4037,3,0
4038,0,0
4096,0,0
4352,169,0
4353,110,0
4354,35,0
4355,6,0
4356,1,0
4357,1,0
4358,0,0
4359,0,0
4360,0,0
4416,84,0
4417,123,0
4418,62,0
4419,22,0
4420,7,0
4421,3,0
4422,0,0
4423,0,0
4424,0,0
4480,50,0
4481,94,0
4482,60,0
4483,25,0
4484,7,0
4485,4,0
4486,1,0
4487,1,0
4488,0,0
4489,0,0
4490,0,0
4491,1,0
4544,10,0
4545,56,0
4546,56,0
4547,26,0
4548,13,0
4549,9,0
4550,1,0
4551,0,0
4552,0,0
4553,0,0
4608,0,0
4864,197,0
4865,127,0
4866,54,0
4867,18,0
4868,5,0
4869,0,0
4870,0,0
4928,99,0
4929,117,0
4930,45,0
4931,21,0
4932,1,0
4933,1,0
4934,2,0
4935,0,0
4936,0,0
4992,39,0
4993,70,0
4994,48,0
4995,30,0
4996,19,0
4997,4,0
4998,3,0
4999,0,0
5000,0,0
5001,0,0
5056,5,0
5057,59,0
5058,54,0
5059,27,0
5060,9,0
5061,10,0
5062,3,0
5063,0,0
5064,0,0
5065,2,0
5066,0,0
5067,0,0
5068,0,0
5120,0,0
5376,124,0
5377,104,0
5378,34,0
5379,13,0
5380,1,0
5381,2,0
5382,0,0
5383,0,0
5440,78,0
5441,87,0
5442,54,0
5443,32,0
5444,6,0
5445,2,0
5446,0,0
5447,0,0
5504,29,0
5505,71,0
5506,81,0
5507,25,0
5508,11,0
5509,4,0
5510,1,0
5511,0,0
5512,0,0
5568,7,0
5569,28,0
5570,38,0
5571,24,0
5572,9,0
5573,5,0
5574,0,0
5575,1,0
5576,0,0
5577,0,0
5578,0,0
5632,0,0
5888,153,0
5889,141,0
5890,45,0
5891,22,0
5892,1,0
5893,0,0
5894,0,0
5895,0,0
5952,85,0
5953,107,0
5954,55,0
5955,31,0
5956,8,0
5957,0,0
5958,1,0
5959,0,0
5960,0,0
6016,46,0
6017,74,0
6018,73,0
6019,34,0
6020,11,0
6021,5,0
6022,3,0
6023,1,0
6080,8,0
6081,44,0
6082,46,0
6083,18,0
6084,6,0
6085,8,0
6086,1,0
6087,0,0
6144,0,0
6400,133,0
6401,79,0
6402,31,0
6403,14,0
6404,2,0
6464,74,0
6465,86,0
6466,49,0
6467,15,0
6468,6,0
6469,2,0
6528,33,0
6529,45,0
6530,63,0
6531,25,0
6532,10,0
6533,4,0
6534,0,0
6535,1,0
6592,10,0
6593,27,0
6594,30,0
6595,9,0
6596,10,0
6597,3,0
6598,3,0
6599,2,0
6600,0,0
6656,0,0
6912,214,0
6913,142,0
6914,62,0
6915,9,0
6916,2,0
6917,1,0
6918,0,0
6976,117,0
6977,105,0
6978,59,0
6979,23,0
6980,14,0
6981,1,0
6982,0,0
6983,0,0
7040,33,0
7041,61,0
7042,42,0
7043,27,0
7044,5,0
7045,1,0
7046,1,0
7047,1,0
7048,0,0
7049,0,0
7104,6,0
7105,42,0
7106,38,0
7107,8,0
7108,7,0
7109,3,0
7110,4,0
7111,1,0
7113,0,0
7168,0,0
7424,173,0
7425,79,0
7426,41,0
7427,13,0
7428,2,0
7429,1,0
7488,83,0
7489,109,0
7490,82,0
7491,35,0
7492,6,0
7493,2,0
7494,3,0
7495,0,0
7552,39,0
7553,66,0
7554,55,0
7555,21,0
7556,11,0
7557,4,0
7558,5,0
7559,0,0
7560,0,0
7616,2,0
7617,36,0
7618,45,0
7619,9,0
7620,4,0
7621,5,0
7622,6,0
7623,1,0
7624,1,0
7680,0,0
7936,247,0
7937,145,0
7938,67,0
7939,10,0
7940,2,0
7941,0,0
7942,0,0
8000,113,0
8001,122,0
8002,88,0
8003,38,0
8004,6,0
8005,2,0
8006,0,0
8007,0,0
8064,44,0
8065,68,0
8066,77,0
8067,19,0
8068,8,0
8069,9,0
8070,1,0
8128,38,0
8129,74,0
8130,72,0
8131,42,0
8132,33,0
8133,14,0
8134,4,0
8192,0,0
8448,140,0
8449,91,0
8450,28,0
8451,6,0
8452,1,0
8453,0,0
8454,0,0
8455,0,0
8512,82,0
8513,100,0
8514,55,0
8515,14,0
8516,0,0
8517,0,0
8518,0,0
8519,0,0
8520,0,0
8521,0,0
8522,0,0
8576,34,0
8577,62,0
8578,53,0
8579,25,0
8580,11,0
8581,0,0
8582,0,0
8583,0,0
8584,0,0
8585,0,0
8586,0,0
8587,0,0
8640,4,0
8641,32,0
8642,40,0
8643,36,0
8644,16,0
8645,8,0
8646,2,0
8647,0,0
8648,1,0
8649,0,0
8651,0,0
8652,0,0
8704,0,0
8960,189,0
8961,101,0
8962,57,0
8963,8,0
8964,4,0
8965,0,0
8966,0,0
8967,0,0
9024,137,0
9025,116,0
9026,67,0
9027,22,0
9028,4,0
9029,2,0
9030,0,0
9031,0,0
9032,0,0
9033,0,0
9088,59,0
9089,78,0
9090,62,0
9091,36,0
9092,7,0
9093,3,0
9094,0,0
9095,0,0
9096,0,0
9097,0,0
9152,8,0
9153,44,0
9154,49,0
9155,28,0
9156,18,0
9157,4,0
9158,6,0
9159,1,0
9160,0,0
9161,0,0
9162,0,0
9216,0,0
9472,190,0
9473,180,0
9474,49,0
9475,14,0
9476,1,0
9477,1,0
9478,0,0
9479,0,0
9536,119,0
9537,127,0
9538,73,0
9539,29,0
9540,12,0
9541,2,0
9542,1,0
9543,0,0
9544,0,0
9600,47,0
9601,81,0
9602,106,0
9603,34,0
9604,10,0
9605,10,0
9606,1,0
9607,0,0
9608,0,0
9664,10,0
9665,35,0
9666,66,0
9667,39,0
9668,8,0
9669,8,0
9670,2,0
9671,0,0
9672,1,0
9673,0,0
9674,0,0
9728,0,0
9984,242,0
9985,167,0
9986,84,0
9987,16,0
9988,2,0
9989,0,0
9990,0,0
9991,1,0
10048,156,0
10049,147,0
10050,94,0
10051,25,0
10052,14,0
10053,1,0
10054,0,0
10055,1,0
10112,57,0
10113,112,0
10114,106,0
10115,32,0
10116,15,0
10117,7,0
10118,3,0
10119,5,0
10120,0,0
10176,9,0
10177,55,0
10178,82,0
10179,19,0
10180,13,0
10181,3,0
10182,3,0
10183,0,0
10184,0,0
10240,0,0
10496,101,0
10497,70,0
10498,38,0
10499,6,0
10500,1,0
10501,3,0
10502,0,0
10560,47,0
10561,70,0
10562,37,0
10563,12,0
10564,8,0
10565,0,0
10566,0,0
10624,25,0
10625,57,0
10626,45,0
10627,17,0
10628,6,0
10629,2,0
10630,2,0
10631,0,0
10632,0,0
10633,0,0
10688,2,0
10689,12,0
10690,38,0
10691,19,0
10692,11,0
10693,2,0
10694,3,0
10695,0,0
10752,0,0
11008,138,0
11009,90,0
11010,36,0
11011,7,0
11012,0,0
11013,1,0
11014,0,0
11072,65,0
11073,99,0
11074,53,0
11075,13,0
11076,0,0
11077,3,0
11078,0,0
11079,0,0
11080,0,0
11136,24,0
11137,55,0
11138,39,0
11139,19,0
11140,10,0
11141,4,0
11142,3,0
11143,0,0
11144,2,0
11200,1,0
11201,38,0
11202,28,0
11203,12,0
11204,4,0
11205,2,0
11206,0,0
11207,0,0
11264,0,0
11520,118,0
11521,61,0
11522,33,0
11523,2,0
11524,2,0
11525,0,0
11526,0,0
11584,55,0
11585,91,0
11586,40,0
11587,18,0
11588,4,0
11589,0,0
11590,2,0
11591,0,0
11592,0,0
11648,25,0
11649,52,0
11650,65,0
11651,20,0
11652,8,0
11653,0,0
11654,2,0
11655,0,0
11656,0,0
11657,0,0
11712,5,0
11713,24,0
11714,27,0
11715,28,0
11716,6,0
11717,3,0
11718,2,0
11719,0,0
11720,0,0
11721,0,0
11722,0,0
11776,0,0
12032,227,0
12033,162,0
12034,53,0
12035,9,0
12036,2,0
12037,0,0
12038,0,0
12096,66,0
12097,144,0
12098,82,0
12099,19,0
12100,7,0
12101,3,0
12102,0,0
12103,2,0
12160,36,0
12161,64,0
12162,73,0
12163,32,0
12164,13,0
12165,2,0
12166,0,0
12167,2,0
12224,48,0
12225,89,0
12226,104,0
12227,51,0
12228,13,0
12229,13,0
12230,10,0
12231,0,0
12232,0,0
12233,0,0
12234,3,0
12288,0,0
12544,0,0
12800,0,0
13056,0,0
13312,0,0
13568,0,0
13824,0,0
14080,0,0
14336,0,0
14592,0,0
14848,0,0
15104,0,0
15360,0,0
15616,0,0
15872,0,0
16128,0,0
0,0,-1882
0,1,1882
1,0,271
1,1,-44299
1,2,22918
1,9,16843
1,44,1035
1,84,336
1,156,22
1,265,2874
2,0,150
2,2,-22918
2,3,9718
2,10,9244
2,44,928
2,84,287
2,156,11
2,265,2580
3,0,50
3,3,-9718
3,4,1741
3,11,4510
3,44,401
3,84,101
3,156,10
3,265,2905
4,0,9
4,4,-1741
4,5,358
4,12,732
4,44,80
4,84,20
4,156,1
4,265,541
5,0,6
5,5,-358
5,6,74
5,13,143
5,44,13
5,84,2
5,156,1
5,265,119
6,0,1
6,6,-74
6,7,19
6,14,22
6,44,2
6,84,2
6,265,28
7,0,1
7,7,-19
7,8,3
7,15,9
7,44,1
7,265,5
8,8,-3
8,16,1
8,44,1
8,265,1
9,0,173
9,9,-16843
9,10,8721
9,20,5543
9,44,546
9,84,190
9,156,24
9,265,1646
10,0,184
10,10,-17965
10,11,8265
10,21,6066
10,44,821
10,84,241
10,156,21
10,265,2367
11,0,105
11,11,-12775
11,12,2720
11,22,4844
11,44,613
11,84,163
11,156,17
11,265,4313
12,0,19
12,12,-3452
12,13,791
12,23,1262
12,44,198
12,84,44
12,156,6
12,265,1132
13,0,5
13,13,-934
13,14,219
13,24,328
13,44,47
13,84,14
13,156,2
13,265,319
14,0,1
14,14,-241
14,15,57
14,25,76
14,44,16
14,84,5
14,265,86
15,15,-66
15,16,20
15,26,23
15,44,2
15,156,1
15,265,20
16,16,-21
16,17,3
16,27,10
16,265,8
17,17,-3
17,18,1
17,44,1
17,265,1
18,18,-1
18,19,1
19,19,-1
19,265,1
20,0,92
20,20,-5543
20,21,2986
20,31,1641
20,44,202
20,84,66
20,156,9
20,265,547
21,0,127
21,21,-9052
21,22,4402
21,32,2627
21,44,415
21,84,137
21,156,17
21,265,1327
22,0,91
22,22,-9246
22,23,2304
22,33,2769
22,44,566
22,84,159
22,156,8
22,265,3349
23,0,41
23,23,-3566
23,24,913
23,34,1043
23,44,210
23,84,57
23,156,6
23,265,1296
24,0,10
24,24,-1241
24,25,326
24,35,357
24,44,71
24,84,22
24,265,455
25,0,7
25,25,-402
25,26,103
25,36,116
25,44,21
25,84,6
25,265,149
26,0,3
26,26,-126
26,27,33
26,37,32
26,44,8
26,84,3
26,265,47
27,27,-43
27,28,17
27,38,7
27,84,3
27,265,16
28,28,-17
28,29,3
28,39,5
28,44,1
28,265,8
29,29,-3
29,30,1
29,265,2
30,30,-1
30,41,1
31,0,5
31,31,-1641
31,32,1063
31,44,543
31,84,4
31,265,26
32,0,57
32,32,-3690
32,33,1888
32,44,1127
32,84,59
32,156,7
32,265,552
33,0,78
33,33,-4657
33,34,1310
33,44,1350
33,84,93
33,156,8
33,265,1818
34,0,47
34,34,-2353
34,35,648
34,44,674
34,84,48
34,156,6
34,265,930
35,0,20
35,35,-1005
35,36,302
35,44,267
35,84,20
35,156,3
35,265,393
36,0,10
36,36,-418
36,37,113
36,44,114
36,84,10
36,156,2
36,265,169
37,0,2
37,37,-145
37,38,37
37,44,41
37,84,3
37,156,1
37,265,61
38,38,-44
38,39,10
38,44,10
38,84,2
38,265,22
39,39,-15
39,40,8
39,44,4
39,156,1
39,265,2
40,40,-8
40,41,2
40,44,3
40,265,3
41,41,-3
41,42,2
41,44,1
42,42,-2
42,43,1
42,44,1
43,43,-1
43,265,1
44,44,-9871
44,45,9871
45,0,58
45,45,-9895
45,46,4762
45,54,3878
45,84,16
45,124,241
45,156,7
45,182,61
45,210,66
45,306,454
45,346,178
45,417,2
45,544,172
46,0,39
46,46,-4762
46,47,1998
46,55,1786
46,84,18
46,124,209
46,156,6
46,182,43
46,210,51
46,306,366
46,346,99
46,417,2
46,544,145
47,0,11
47,47,-1998
47,48,397
47,56,806
47,84,5
47,124,90
47,156,4
47,182,17
47,210,23
47,265,1
47,306,539
47,346,34
47,417,1
47,544,70
48,0,3
48,48,-397
48,49,87
48,57,143
48,84,1
48,124,21
48,156,1
48,182,4
48,210,2
48,306,112
48,346,8
48,544,15
49,49,-87
49,50,22
49,58,31
49,124,1
49,182,1
49,306,25
49,346,3
49,544,4
50,50,-22
50,51,7
50,59,9
50,306,5
50,544,1
51,51,-7
51,52,3
51,60,2
51,124,1
51,544,1
52,52,-3
52,53,1
52,61,2
53,53,-1
53,306,1
54,0,33
54,54,-3878
54,55,1887
54,63,1303
54,84,13
54,124,107
54,156,6
54,182,49
54,210,35
54,306,262
54,346,74
54,417,1
54,544,108
55,0,51
55,55,-3673
55,56,1632
55,64,1197
55,84,15
55,124,154
55,156,7
55,182,47
55,210,42
55,306,329
55,346,73
55,417,3
55,544,123
56,0,29
56,56,-2438
56,57,577
56,65,855
56,84,9
56,124,90
56,156,1
56,182,23
56,210,21
56,265,1
56,306,679
56,346,65
56,417,2
56,544,86
57,0,5
57,57,-720
57,58,176
57,66,236
57,84,3
57,124,31
57,156,4
57,182,8
57,210,6
57,306,216
57,346,11
57,417,1
57,544,23
58,0,2
58,58,-207
58,59,42
58,67,74
58,84,2
58,124,14
58,156,1
58,210,1
58,306,56
58,346,3
58,544,12
59,0,1
59,59,-51
59,60,14
59,68,15
59,124,5
59,182,1
59,306,15
60,60,-16
60,61,3
60,69,4
60,124,1
60,182,1
60,306,5
60,346,1
60,544,1
61,61,-5
61,62,2
61,306,2
61,544,1
62,62,-2
62,306,1
62,346,1
63,0,20
63,63,-1303
63,64,647
63,74,430
63,84,2
63,124,36
63,182,8
63,210,12
63,306,92
63,346,21
63,544,35
64,0,22
64,64,-1844
64,65,900
64,75,524
64,84,7
64,124,75
64,156,3
64,182,20
64,210,25
64,306,167
64,346,38
64,544,63
65,0,18
65,44,1
65,65,-1755
65,66,433
65,76,495
65,84,4
65,124,85
65,156,2
65,182,19
65,210,17
65,306,557
65,346,52
65,544,72
66,0,14
66,66,-669
66,67,175
66,77,162
66,84,4
66,124,44
66,156,3
66,182,10
66,210,13
66,306,198
66,346,12
66,544,34
67,0,2
67,67,-249
67,68,74
67,78,64
67,84,2
67,124,6
67,156,1
67,182,3
67,210,3
67,306,70
67,346,6
67,544,18
68,0,1
68,68,-89
68,69,33
68,79,21
68,124,5
68,210,3
68,306,20
68,346,3
68,544,3
69,69,-37
69,70,6
69,80,13
69,124,3
69,210,1
69,306,11
69,544,3
70,0,1
70,70,-6
70,71,2
70,81,1
70,124,1
70,306,1
71,71,-2
71,72,1
71,82,1
72,72,-1
72,73,1
73,73,-1
73,306,1
74,0,2
74,74,-430
74,75,263
74,124,156
74,182,1
74,210,2
74,306,5
74,544,1
75,0,14
75,75,-787
75,76,397
75,84,7
75,124,236
75,156,1
75,182,8
75,210,13
75,306,82
75,346,12
75,544,17
76,0,15
76,76,-892
76,77,269
76,84,5
76,124,231
76,156,6
76,182,20
76,210,12
76,265,1
76,306,226
76,346,59
76,417,1
76,544,47
77,0,8
77,77,-431
77,78,121
77,84,4
77,124,124
77,182,11
77,210,5
77,306,109
77,346,23
77,544,26
78,78,-185
78,79,58
78,84,2
78,124,44
78,156,2
78,182,3
78,210,5
78,306,48
78,346,8
78,544,15
79,0,1
79,79,-79
79,80,24
79,84,1
79,124,23
79,182,1
79,306,23
79,346,2
79,544,4
80,0,1
80,80,-37
80,81,14
80,124,9
80,306,9
80,346,1
80,417,1
80,544,2
81,0,1
81,81,-15
81,82,4
81,124,2
81,210,1
81,306,5
81,544,2
82,82,-5
82,83,1
82,124,1
82,210,1
82,306,2
83,83,-1
83,306,1
84,84,-2194
84,85,2194
85,0,14
85,44,25
85,84,24
85,85,-3562
85,86,1655
85,95,1447
85,124,17
85,156,2
85,182,58
85,210,6
85,306,12
85,346,135
85,417,161
85,544,6
86,0,6
86,44,14
86,84,24
86,86,-1655
86,87,722
86,96,631
86,124,11
86,182,38
86,210,2
86,265,1
86,306,4
86,346,95
86,417,106
86,544,1
87,0,2
87,44,8
87,84,8
87,87,-722
87,88,146
87,97,330
87,124,5
87,156,2
87,182,23
87,210,2
87,346,149
87,417,46
87,544,1
88,0,1
88,44,1
88,84,3
88,88,-146
88,89,36
88,98,62
88,124,4
88,182,2
88,346,32
88,417,5
89,0,1
89,44,1
89,84,1
89,89,-36
89,90,7
89,99,15
89,346,7
89,417,4
90,90,-7
90,91,2
90,100,3
90,346,2
91,91,-2
91,92,1
91,346,1
92,92,-1
92,93,1
93,93,-1
93,94,1
94,94,-1
94,104,1
95,0,12
95,44,10
95,84,15
95,95,-1447
95,96,702
95,106,537
95,124,5
95,156,1
95,182,25
95,210,1
95,306,5
95,346,82
95,417,52
96,0,13
96,44,23
96,84,22
96,96,-1333
96,97,596
96,107,470
96,124,4
96,156,4
96,182,39
96,210,2
96,306,6
96,346,81
96,417,72
96,544,1
97,0,1
97,44,18
97,84,16
97,97,-926
97,98,204
97,108,359
97,124,11
97,182,29
97,210,1
97,265,1
97,346,220
97,417,65
97,544,1
98,0,4
98,44,7
98,84,4
98,98,-266
98,99,60
98,109,90
98,124,3
98,156,2
98,182,10
98,210,1
98,346,75
98,417,10
99,0,2
99,44,1
99,84,2
99,99,-75
99,100,17
99,110,28
99,182,3
99,306,1
99,346,16
99,417,5
100,0,1
100,44,1
100,100,-20
100,101,7
100,111,3
100,156,1
100,346,5
100,417,2
101,101,-7
101,102,3
101,112,4
102,102,-3
102,103,1
102,346,1
102,417,1
103,103,-1
103,346,1
104,104,-1
104,105,1
105,105,-1
105,417,1
106,0,5
106,44,4
106,84,2
106,106,-537
106,107,256
106,115,204
106,124,1
106,182,12
106,210,1
106,265,1
106,306,2
106,346,29
106,417,20
107,0,7
107,44,13
107,84,12
107,107,-726
107,108,355
107,116,221
107,124,6
107,156,2
107,182,16
107,265,1
107,306,3
107,346,50
107,417,36
107,544,4
108,0,5
108,44,11
108,84,11
108,108,-714
108,109,186
108,117,213
108,124,2
108,156,1
108,182,19
108,265,1
108,306,4
108,346,203
108,417,57
108,544,1
109,0,3
109,44,7
109,84,3
109,109,-276
109,110,66
109,118,98
109,124,6
109,156,1
109,182,7
109,265,1
109,306,1
109,346,64
109,417,19
110,84,1
110,110,-94
110,111,29
110,119,27
110,156,1
110,182,6
110,346,20
110,417,10
111,84,1
111,111,-32
111,112,7
111,120,10
111,182,1
111,346,11
111,417,2
112,112,-11
112,113,3
112,121,5
112,182,1
112,346,1
112,417,1
113,113,-3
113,114,2
113,182,1
114,114,-2
114,123,1
114,346,1
115,44,2
115,84,1
115,115,-204
115,116,105
115,124,85
115,156,1
115,182,6
115,346,2
115,417,2
116,0,6
116,44,5
116,84,5
116,116,-326
116,117,157
116,124,102
116,182,7
116,346,24
116,417,19
116,544,1
117,0,7
117,44,11
117,84,8
117,117,-370
117,118,83
117,124,84
117,182,16
117,306,2
117,346,131
117,417,28
118,0,3
118,44,2
118,84,7
118,118,-181
118,119,48
118,124,52
118,156,1
118,182,7
118,210,1
118,346,47
118,417,13
119,0,1
119,44,1
119,84,1
119,119,-75
119,120,23
119,124,21
119,182,2
119,306,2
119,346,18
119,417,6
120,44,1
120,84,2
120,120,-33
120,121,11
120,124,8
120,182,1
120,346,7
120,417,3
121,84,1
121,121,-16
121,122,4
121,124,4
121,182,1
121,346,5
121,417,1
122,44,1
122,122,-4
122,123,1
122,182,1
122,346,1
123,123,-2
123,346,2
124,124,-2487
124,125,2487
125,0,21
125,84,10
125,124,10
125,125,-2622
125,126,1214
125,132,1056
125,156,4
125,182,7
125,210,17
125,237,56
125,306,3
125,346,1
125,383,69
125,417,1
125,446,43
125,481,71
125,588,4
125,628,4
125,701,30
125,841,1
126,0,10
126,84,4
126,124,9
126,126,-1214
126,127,524
126,133,457
126,156,3
126,182,3
126,210,16
126,237,24
126,265,2
126,346,3
126,383,51
126,446,34
126,481,23
126,588,5
126,628,5
126,701,41
127,0,6
127,84,1
127,124,7
127,127,-524
127,128,103
127,134,210
127,182,3
127,210,3
127,237,14
127,306,1
127,383,133
127,417,1
127,446,19
127,481,10
127,701,13
128,84,1
128,128,-103
128,129,20
128,135,39
128,182,1
128,210,1
128,237,8
128,383,27
128,446,4
128,701,2
129,129,-20
129,130,7
129,136,6
129,182,1
129,237,2
129,383,2
129,446,1
129,481,1
130,130,-7
130,131,2
130,137,2
130,383,3
131,131,-2
131,383,1
131,446,1
132,0,7
132,124,10
132,132,-1056
132,133,498
132,140,368
132,156,2
132,182,5
132,210,10
132,237,23
132,265,1
132,306,1
132,383,45
132,417,1
132,446,34
132,481,26
132,588,5
132,701,19
132,841,1
133,0,9
133,84,5
133,124,17
133,133,-955
133,134,429
133,141,313
133,182,8
133,210,7
133,237,38
133,383,52
133,417,1
133,446,22
133,481,21
133,588,2
133,628,1
133,701,29
133,841,1
134,0,6
134,84,2
134,124,10
134,134,-639
134,135,138
134,142,231
134,156,1
134,182,9
134,210,9
134,237,22
134,346,1
134,383,155
134,446,23
134,481,15
134,588,2
134,628,1
134,701,14
135,0,4
135,124,2
135,135,-177
135,136,39
135,143,68
135,182,1
135,210,2
135,237,2
135,265,1
135,383,45
135,446,2
135,481,4
135,588,1
135,701,6
136,136,-45
136,137,15
136,144,13
136,210,2
136,237,1
136,383,7
136,446,5
136,588,1
136,701,1
137,124,1
137,137,-17
137,138,5
137,145,4
137,383,4
137,446,1
137,481,1
137,701,1
138,138,-5
138,139,1
138,146,1
138,383,2
138,481,1
139,139,-1
139,383,1
140,0,2
140,84,3
140,124,4
140,140,-368
140,141,172
140,148,133
140,182,3
140,210,3
140,237,9
140,306,1
140,383,14
140,446,8
140,481,6
140,628,2
140,701,8
141,0,4
141,124,4
141,141,-485
141,142,222
141,149,151
141,182,8
141,210,6
141,237,9
141,306,1
141,383,28
141,446,17
141,481,22
141,588,1
141,628,2
141,701,10
142,0,9
142,84,1
142,124,6
142,142,-453
142,143,120
142,150,119
142,182,7
142,210,10
142,237,16
142,383,117
142,446,19
142,481,13
142,588,2
142,628,4
142,701,10
143,0,4
143,84,2
143,124,3
143,143,-188
143,144,51
143,151,45
143,156,1
143,182,3
143,210,3
143,237,12
143,383,45
143,446,8
143,481,7
143,628,1
143,701,3
144,124,2
144,144,-64
144,145,20
144,152,19
144,210,1
144,237,1
144,383,16
144,446,2
144,481,1
144,701,2
145,145,-24
145,146,7
145,153,6
145,237,1
145,383,7
145,446,2
145,701,1
146,146,-8
146,147,2
146,154,3
146,383,3
147,147,-2
147,155,1
147,588,1
148,124,2
148,148,-133
148,149,81
148,237,49
148,383,1
149,0,5
149,124,2
149,149,-232
149,150,123
149,182,2
149,210,6
149,237,65
149,383,17
149,446,7
149,481,2
149,701,3
150,0,4
150,124,4
150,150,-242
150,151,51
150,156,1
150,182,6
150,210,5
150,237,78
150,346,1
150,383,55
150,446,15
150,481,10
150,588,2
150,628,1
150,701,9
151,0,3
151,124,2
151,151,-96
151,152,33
151,156,1
151,182,1
151,210,1
151,237,27
151,306,1
151,383,19
151,446,2
151,481,1
151,588,1
151,701,4
152,0,2
152,152,-52
152,153,12
152,182,1
152,237,13
152,383,18
152,446,3
152,701,3
153,153,-18
153,154,3
153,210,1
153,237,4
153,383,5
153,446,4
153,628,1
154,154,-6
154,155,3
154,237,3
155,124,1
155,155,-4
155,237,2
155,383,1
156,156,-258
156,157,258
157,0,4
157,44,13
157,84,5
157,157,-452
157,158,202
157,162,203
157,182,2
157,265,10
157,417,13
158,0,2
158,44,3
158,84,4
158,158,-202
158,159,83
158,163,91
158,265,6
158,417,13
159,44,6
159,84,1
159,159,-83
159,160,14
159,164,50
159,265,2
159,417,10
160,160,-14
160,161,2
160,165,7
160,417,5
161,161,-2
161,166,2
162,0,1
162,44,6
162,84,1
162,162,-203
162,163,80
162,169,91
162,182,2
162,265,11
162,417,10
162,544,1
163,0,1
163,44,7
163,163,-171
163,164,82
163,170,67
163,182,2
163,265,9
163,417,3
164,0,1
164,44,7
164,84,1
164,164,-132
164,165,24
164,171,71
164,265,7
164,417,21
165,44,1
165,165,-31
165,166,11
165,172,10
165,417,9
166,44,1
166,84,1
166,166,-13
166,167,1
166,173,7
166,417,3
167,167,-1
167,168,1
168,168,-1
168,175,1
169,0,1
169,44,4
169,169,-91
169,170,44
169,176,33
169,265,4
169,417,5
170,0,3
170,44,5
170,84,1
170,156,1
170,170,-111
170,171,60
170,177,26
170,265,8
170,417,7
171,0,1
171,44,9
171,156,2
171,171,-131
171,172,41
171,178,33
171,182,1
171,265,9
171,306,1
171,417,33
171,544,1
172,44,3
172,84,1
172,156,1
172,172,-51
172,173,15
172,179,9
172,265,4
172,417,18
173,84,1
173,173,-22
173,174,4
173,180,13
173,306,1
173,417,3
174,174,-4
174,181,3
174,417,1
175,175,-1
175,265,1
176,44,1
176,176,-33
176,177,18
176,182,14
177,44,2
177,177,-44
177,178,19
177,182,15
177,265,5
177,417,3
178,44,4
178,84,1
178,178,-52
178,179,11
178,182,10
178,265,8
178,417,18
179,0,1
179,44,2
179,179,-20
179,180,2
179,182,6
179,265,2
179,417,7
180,84,1
180,180,-15
180,181,2
180,182,7
180,265,1
180,417,4
181,84,1
181,181,-5
181,182,1
181,417,3
182,182,-814
182,183,814
183,0,9
183,84,4
183,124,27
183,156,2
183,182,7
183,183,-886
183,184,403
183,189,339
183,210,7
183,237,5
183,306,29
183,346,8
183,383,5
183,417,2
183,446,16
183,481,10
183,544,6
183,588,2
183,628,2
183,701,3
184,0,2
184,124,15
184,156,2
184,182,3
184,184,-403
184,185,181
184,190,137
184,210,4
184,237,3
184,306,18
184,346,6
184,383,2
184,446,18
184,481,7
184,544,4
184,841,1
185,0,1
185,124,11
185,185,-181
185,186,32
185,191,74
185,210,1
185,237,1
185,306,8
185,446,45
185,481,2
185,544,6
186,124,2
186,186,-32
186,187,5
186,192,11
186,306,2
186,346,1
186,383,1
186,446,8
186,481,2
187,124,1
187,187,-5
187,188,1
187,193,1
187,446,2
188,188,-1
188,194,1
189,0,2
189,124,11
189,182,2
189,189,-339
189,190,159
189,195,118
189,210,1
189,237,1
189,306,18
189,346,9
189,383,2
189,446,2
189,481,2
189,544,10
189,588,1
189,701,1
190,0,4
190,84,1
190,124,10
190,182,4
190,190,-296
190,191,141
190,196,98
190,210,2
190,237,2
190,306,12
190,346,5
190,446,8
190,481,1
190,544,4
190,588,1
190,628,1
190,701,2
191,0,1
191,84,1
191,124,11
191,182,4
191,191,-215
191,192,47
191,197,83
191,210,1
191,237,2
191,306,6
191,346,4
191,383,1
191,446,47
191,481,3
191,544,4
192,0,1
192,124,4
192,192,-58
192,193,10
192,198,21
192,210,1
192,237,1
192,306,4
192,346,1
192,446,14
192,588,1
193,193,-11
193,194,5
193,199,3
193,306,1
193,446,2
194,124,1
194,194,-6
194,200,4
194,306,1
195,0,2
195,45,1
195,84,1
195,124,4
195,182,1
195,195,-118
195,196,53
195,203,33
195,210,4
195,306,5
195,346,3
195,383,1
195,446,5
195,481,1
195,544,4
196,0,2
196,84,1
196,124,7
196,156,1
196,182,3
196,196,-151
196,197,76
196,204,35
196,210,4
196,306,8
196,346,4
196,383,2
196,417,1
196,446,2
196,481,1
196,544,4
197,0,1
197,84,2
197,124,12
197,182,5
197,197,-159
197,198,33
197,205,45
197,210,1
197,306,6
197,346,6
197,383,3
197,446,35
197,481,4
197,544,5
197,628,1
198,0,1
198,124,3
198,182,1
198,198,-54
198,199,16
198,206,12
198,306,2
198,417,1
198,446,14
198,544,4
199,199,-19
199,200,5
199,207,8
199,306,1
199,446,4
199,544,1
200,124,1
200,200,-9
200,201,5
200,208,1
200,346,1
200,446,1
201,182,1
201,201,-5
201,202,1
201,209,1
201,446,2
202,182,1
202,202,-1
203,84,1
203,203,-33
203,204,16
203,237,15
203,481,1
204,124,2
204,182,1
204,204,-51
204,205,22
204,210,1
204,237,13
204,306,2
204,346,2
204,383,1
204,446,4
204,481,1
204,544,1
204,701,1
205,0,1
205,84,1
205,124,6
205,182,3
205,205,-67
205,206,23
205,237,14
205,306,5
205,346,1
205,383,1
205,446,10
205,481,1
205,701,1
206,84,1
206,124,1
206,182,1
206,206,-35
206,207,16
206,237,3
206,306,1
206,346,2
206,446,8
206,544,2
207,0,1
207,124,1
207,182,1
207,207,-24
207,208,9
207,237,6
207,346,1
207,446,4
207,544,1
208,208,-10
208,209,2
208,210,1
208,237,1
208,306,3
208,446,3
209,209,-3
209,306,1
209,446,2
210,210,-461
210,211,461
211,0,6
211,44,5
211,84,9
211,156,3
211,182,8
211,210,1
211,211,-667
211,212,310
211,216,279
211,237,1
211,346,5
211,417,12
211,446,1
211,481,26
211,544,1
212,0,2
212,44,5
212,84,3
212,182,10
212,210,1
212,212,-310
212,213,114
212,217,130
212,237,5
212,265,2
212,346,6
212,383,1
212,417,12
212,481,19
213,0,1
213,44,3
213,84,3
213,182,1
213,210,1
213,213,-114
213,214,19
213,218,52
213,237,1
213,306,1
213,346,1
213,417,2
213,481,29
214,182,1
214,214,-19
214,215,5
214,219,8
214,346,1
214,417,1
214,481,3
215,215,-5
215,220,2
215,346,1
215,481,2
216,0,1
216,44,5
216,84,3
216,124,1
216,182,5
216,216,-279
216,217,121
216,222,114
216,237,2
216,346,5
216,417,10
216,481,11
216,701,1
217,0,1
217,44,5
217,84,2
217,124,1
217,182,12
217,210,1
217,217,-251
217,218,110
217,223,93
217,346,4
217,417,10
217,446,2
217,481,9
217,628,1
218,0,3
218,44,2
218,84,5
218,156,1
218,182,5
218,218,-162
218,219,38
218,224,64
218,306,1
218,346,1
218,417,6
218,481,35
218,701,1
219,156,1
219,182,2
219,219,-46
219,220,12
219,225,14
219,237,1
219,346,1
219,417,2
219,481,13
220,44,1
220,220,-14
220,221,5
220,226,3
220,346,1
220,417,2
220,446,1
220,481,1
221,221,-5
221,227,3
221,417,1
221,481,1
222,0,1
222,44,3
222,84,1
222,182,2
222,210,1
222,222,-114
222,223,57
222,229,39
222,346,2
222,417,2
222,446,1
222,481,5
223,0,1
223,44,5
223,84,2
223,124,1
223,156,1
223,182,2
223,223,-150
223,224,77
223,230,41
223,237,1
223,346,8
223,417,5
223,481,6
224,44,7
224,124,2
224,182,2
224,224,-141
224,225,40
224,231,51
224,346,3
224,383,1
224,417,8
224,481,27
225,0,1
225,44,1
225,182,2
225,225,-54
225,226,13
225,232,20
225,346,3
225,481,14
226,84,1
226,226,-16
226,227,6
226,233,4
226,417,1
226,481,4
227,44,1
227,84,1
227,227,-9
227,228,2
227,234,1
227,417,1
227,481,3
228,228,-2
228,481,2
229,0,1
229,84,1
229,210,1
229,229,-39
229,230,15
229,237,19
229,346,1
229,481,1
230,0,1
230,44,3
230,84,3
230,230,-56
230,231,25
230,237,19
230,417,2
230,481,3
231,182,3
231,231,-76
231,232,28
231,237,20
231,346,3
231,417,1
231,481,21
232,0,1
232,84,2
232,182,2
232,210,1
232,232,-48
232,233,15
232,237,12
232,346,1
232,417,2
232,446,1
232,481,11
233,182,1
233,233,-19
233,234,5
233,237,4
233,346,3
233,481,4
233,628,1
233,841,1
234,84,1
234,234,-6
234,235,2
234,237,2
234,417,1
235,235,-2
235,236,2
236,0,1
236,236,-2
236,481,1
237,237,-704
237,238,704
238,0,7
238,124,7
238,182,5
238,210,4
238,237,19
238,238,-759
238,239,364
238,244,316
238,265,1
238,306,1
238,346,1
238,383,1
238,446,9
238,481,5
238,514,13
238,701,6
239,0,5
239,84,2
239,124,3
239,156,1
239,210,6
239,237,6
239,239,-364
239,240,165
239,245,134
239,383,9
239,417,1
239,446,6
239,481,2
239,514,13
239,588,1
239,701,7
239,734,1
239,768,2
240,124,2
240,156,1
240,182,2
240,237,8
240,240,-165
240,241,27
240,246,69
240,383,4
240,446,3
240,481,7
240,514,41
240,701,1
241,237,1
241,241,-27
241,242,6
241,247,8
241,306,1
241,446,1
241,514,10
242,242,-6
242,243,1
242,248,2
242,514,3
243,243,-1
243,249,1
244,0,2
244,84,1
244,124,1
244,156,1
244,182,2
244,210,2
244,237,10
244,244,-316
244,245,161
244,250,104
244,383,3
244,417,1
244,446,9
244,481,4
244,514,6
244,588,1
244,628,1
244,701,4
244,734,1
244,768,2
245,0,2
245,84,2
245,124,3
245,182,4
245,210,3
245,237,13
245,245,-295
245,246,133
245,251,87
245,306,2
245,383,6
245,446,9
245,481,2
245,514,16
245,701,9
245,734,2
245,768,2
246,0,2
246,124,2
246,156,1
246,182,4
246,210,1
246,237,9
246,246,-202
246,247,41
246,252,72
246,383,2
246,446,5
246,481,4
246,514,55
246,666,1
246,701,3
247,182,1
247,210,1
247,237,1
247,247,-49
247,248,12
247,253,15
247,383,1
247,446,2
247,514,16
248,237,1
248,248,-14
248,249,3
248,254,5
248,514,5
249,249,-4
249,446,1
249,514,3
250,0,2
250,124,1
250,210,1
250,237,3
250,250,-104
250,251,55
250,258,31
250,383,2
250,446,1
250,514,6
250,701,1
250,768,1
251,0,2
251,124,7
251,210,3
251,237,9
251,251,-142
251,252,66
251,259,36
251,383,1
251,446,5
251,481,2
251,514,7
251,666,1
251,701,3
252,0,2
252,124,3
252,182,2
252,210,3
252,237,3
252,252,-138
252,253,36
252,260,35
252,383,1
252,446,4
252,481,4
252,514,42
252,701,2
252,768,1
253,237,3
253,253,-51
253,254,12
253,261,16
253,383,3
253,446,3
253,514,13
253,701,1
254,0,1
254,124,1
254,182,1
254,254,-17
254,255,8
254,262,3
254,446,1
254,514,2
255,255,-8
255,256,3
255,263,1
255,383,1
255,514,2
255,701,1
256,256,-3
256,257,1
256,264,1
256,514,1
257,257,-1
257,481,1
258,237,11
258,258,-31
258,259,18
258,514,2
259,124,1
259,210,2
259,237,19
259,259,-54
259,260,25
259,383,1
259,446,3
259,514,3
260,0,3
260,210,2
260,237,15
260,260,-60
260,261,14
260,446,5
260,481,1
260,514,18
260,701,1
260,768,1
261,0,1
261,124,2
261,182,1
261,237,10
261,261,-30
261,262,10
261,383,2
261,481,2
261,514,2
262,156,1
262,237,3
262,262,-13
262,263,5
262,481,1
262,514,3
263,124,1
263,263,-6
263,481,1
263,514,4
264,264,-1
264,768,1
265,265,-29774
265,266,29774
266,265,169
266,266,-32295
266,267,16622
266,275,12531
266,306,729
266,346,206
266,417,18
266,544,2020
267,265,110
267,267,-16622
267,268,7153
267,276,6695
267,306,591
267,346,167
267,417,16
267,544,1890
268,265,35
268,268,-7153
268,269,1336
268,277,3232
268,306,325
268,346,65
268,417,4
268,544,2156
269,265,6
269,269,-1336
269,270,248
269,278,561
269,306,69
269,346,12
269,544,440
270,265,1
270,270,-248
270,271,43
270,279,99
270,306,19
270,346,1
270,417,1
270,544,84
271,265,1
271,271,-43
271,272,8
271,280,19
271,346,1
271,544,14
272,272,-8
272,273,2
272,281,3
272,346,1
272,544,2
273,273,-2
273,274,1
273,544,1
274,274,-1
274,544,1
275,265,84
275,275,-12531
275,276,6300
275,284,4317
275,306,384
275,346,128
275,417,16
275,544,1302
276,265,123
276,276,-12995
276,277,6070
276,285,4484
276,306,532
276,346,165
276,417,15
276,544,1606
277,265,62
277,277,-9302
277,278,1905
277,286,3630
277,306,431
277,346,101
277,417,9
277,544,3164
278,265,22
278,278,-2466
278,279,521
278,287,916
278,306,119
278,346,27
278,417,2
278,544,859
279,265,7
279,279,-620
279,280,141
279,288,230
279,306,28
279,346,13
279,544,201
280,265,3
280,280,-160
280,281,41
280,289,51
280,306,9
280,346,5
280,544,51
281,281,-44
281,282,14
281,290,13
281,306,2
281,346,1
281,544,14
282,282,-14
282,283,4
282,291,2
282,306,1
282,544,7
283,283,-4
283,292,2
283,306,1
283,544,1
284,265,50
284,284,-4317
284,285,2327
284,296,1292
284,306,147
284,346,54
284,417,6
284,544,441
285,265,94
285,285,-6811
285,286,3375
285,297,1975
285,306,295
285,346,107
285,417,4
285,544,961
286,265,60
286,286,-7005
286,287,1709
286,298,2111
286,306,389
286,346,85
286,417,3
286,544,2648
287,265,25
287,287,-2625
287,288,675
287,299,788
287,306,144
287,346,40
287,417,2
287,544,951
288,265,7
288,288,-905
288,289,209
288,300,274
288,306,52
288,346,18
288,417,2
288,544,343
289,265,4
289,289,-260
289,290,73
289,301,71
289,306,17
289,346,3
289,544,92
290,265,1
290,290,-86
290,291,23
290,302,21
290,306,5
290,346,1
290,544,35
291,265,1
291,291,-25
291,292,9
291,303,7
291,306,3
291,544,5
292,292,-11
292,293,1
292,304,6
292,346,2
292,417,1
292,544,1
293,293,-1
293,294,1
294,294,-1
294,295,1
295,265,1
295,295,-1
296,265,10
296,296,-1292
296,297,823
296,306,420
296,346,5
296,417,1
296,544,33
297,265,56
297,297,-2798
297,298,1382
297,306,918
297,346,42
297,417,3
297,544,397
298,265,56
298,298,-3493
298,299,982
298,306,988
298,346,71
298,417,5
298,544,1391
299,265,26
299,299,-1770
299,300,482
299,306,511
299,346,41
299,417,7
299,544,703
300,265,13
300,300,-756
300,301,220
300,306,205
300,346,20
300,417,1
300,544,297
301,265,9
301,301,-291
301,302,78
301,306,72
301,346,9
301,544,123
302,265,1
302,302,-99
302,303,24
302,306,29
302,346,3
302,544,42
303,303,-31
303,304,7
303,306,7
303,544,17
304,304,-13
304,305,3
304,306,4
304,544,6
305,305,-3
305,306,1
305,544,2
306,306,-11744
306,307,11744
307,265,75
307,307,-11909
307,308,5781
307,314,4478
307,346,30
307,383,301
307,417,16
307,446,68
307,481,75
307,544,1
307,588,634
307,628,175
307,701,3
307,841,272
308,265,49
308,308,-5781
308,309,2521
308,315,2122
308,346,20
308,383,208
308,417,9
308,446,49
308,481,42
308,588,453
308,628,101
308,701,1
308,841,206
309,265,19
309,309,-2521
309,310,508
309,316,1018
309,346,10
309,383,87
309,417,6
309,446,14
309,481,26
309,588,664
309,628,76
309,701,3
309,841,90
310,265,8
310,310,-508
310,311,114
310,317,188
310,346,2
310,383,13
310,446,7
310,481,4
310,588,139
310,628,16
310,841,17
311,265,2
311,311,-114
311,312,17
311,318,50
311,346,1
311,383,3
311,446,1
311,481,2
311,588,27
311,628,5
311,841,6
312,312,-17
312,313,1
312,319,9
312,588,6
312,841,1
313,313,-1
313,320,1
314,265,39
314,314,-4478
314,315,2211
314,323,1500
314,346,17
314,383,137
314,417,3
314,446,39
314,481,37
314,544,1
314,588,312
314,628,65
314,701,3
314,841,114
315,265,46
315,306,1
315,315,-4333
315,316,1938
315,324,1477
315,346,16
315,383,185
315,417,7
315,446,52
315,481,51
315,544,1
315,588,332
315,628,82
315,701,3
315,841,142
316,265,16
316,316,-2956
316,317,634
316,325,1038
316,346,8
316,383,134
316,417,4
316,446,32
316,481,36
316,544,1
316,588,890
316,628,61
316,841,102
317,265,6
317,306,2
317,317,-822
317,318,189
317,326,275
317,346,6
317,383,42
317,417,1
317,446,12
317,481,10
317,588,236
317,628,16
317,701,1
317,841,26
318,318,-239
318,319,47
318,327,78
318,346,1
318,383,13
318,446,4
318,481,1
318,588,81
318,628,6
318,841,8
319,319,-56
319,320,18
319,328,18
319,346,1
319,383,4
319,446,1
319,481,2
319,588,8
319,841,4
320,265,1
320,320,-19
320,321,4
320,329,9
320,383,2
320,588,2
320,701,1
321,321,-4
321,322,1
321,330,1
321,588,1
321,841,1
322,322,-1
322,383,1
323,265,15
323,323,-1500
323,324,754
323,333,471
323,346,7
323,383,44
323,417,2
323,446,11
323,481,13
323,588,115
323,628,29
323,841,39
324,265,27
324,324,-2231
324,325,1061
324,334,711
324,346,14
324,383,89
324,417,2
324,446,21
324,481,21
324,588,189
324,628,30
324,841,66
325,265,17
325,325,-2099
325,326,518
325,335,622
325,346,11
325,383,92
325,417,3
325,446,32
325,481,20
325,588,633
325,628,53
325,701,1
325,841,97
326,265,13
326,326,-793
326,327,208
326,336,223
326,346,2
326,383,28
326,417,2
326,446,15
326,481,9
326,588,240
326,628,22
326,701,2
326,841,29
327,265,8
327,327,-286
327,328,74
327,337,68
327,346,2
327,383,12
327,446,2
327,481,3
327,544,1
327,588,96
327,628,7
327,701,1
327,841,12
328,328,-92
328,329,26
328,338,20
328,346,2
328,383,2
328,417,2
328,446,2
328,481,1
328,588,33
328,841,4
329,265,1
329,329,-35
329,330,9
329,339,7
329,346,1
329,383,3
329,446,1
329,588,12
329,628,1
330,330,-10
330,331,3
330,340,5
330,588,2
331,331,-3
331,332,1
331,481,1
331,588,1
332,332,-1
332,588,1
333,265,2
333,333,-471
333,334,296
333,346,1
333,383,154
333,481,1
333,588,10
333,628,3
333,841,4
334,265,26
334,334,-1007
334,335,470
334,346,4
334,383,329
334,417,3
334,446,16
334,481,17
334,588,96
334,628,14
334,841,32
335,265,20
335,335,-1092
335,336,326
335,346,10
335,383,288
335,417,4
335,446,23
335,481,13
335,588,294
335,628,55
335,701,3
335,841,56
336,265,11
336,336,-549
336,337,169
336,346,4
336,383,131
336,417,1
336,446,15
336,481,13
336,588,131
336,628,38
336,701,1
336,841,35
337,265,3
337,337,-237
337,338,75
337,346,1
337,383,54
337,417,2
337,446,8
337,481,2
337,588,64
337,628,12
337,701,1
337,841,15
338,265,4
338,338,-95
338,339,26
338,346,2
338,383,20
338,446,3
338,481,1
338,588,27
338,628,6
338,841,6
339,265,1
339,339,-33
339,340,11
339,346,1
339,383,10
339,446,1
339,588,8
339,628,1
340,340,-16
340,341,7
340,383,2
340,446,1
340,588,4
340,841,2
341,341,-7
341,342,4
341,481,1
341,588,2
342,265,1
342,342,-4
342,343,1
342,383,1
342,481,1
343,343,-1
343,344,1
344,344,-1
344,345,1
345,345,-1
345,383,1
346,346,-3901
346,347,3901
347,265,18
347,306,43
347,346,39
347,347,-5008
347,348,2406
347,355,2098
347,383,26
347,417,3
347,446,52
347,481,3
347,544,3
347,588,4
347,628,188
347,701,120
347,841,5
348,265,20
348,306,34
348,346,26
348,348,-2406
348,349,1006
348,356,989
348,383,6
348,417,4
348,446,40
348,481,1
348,588,7
348,628,158
348,701,111
348,841,4
349,265,4
349,306,15
349,346,9
349,349,-1006
349,350,202
349,357,474
349,383,4
349,446,14
349,544,2
349,588,2
349,628,230
349,701,48
349,841,2
350,265,1
350,306,6
350,346,3
350,350,-202
350,351,40
350,358,74
350,383,1
350,417,2
350,446,5
350,588,1
350,628,56
350,701,13
351,306,1
351,351,-40
351,352,13
351,359,13
351,383,1
351,628,7
351,701,4
351,841,1
352,306,1
352,346,1
352,352,-13
352,353,4
352,360,5
352,628,2
353,353,-4
353,354,2
353,361,1
353,628,1
354,354,-2
354,362,1
354,628,1
355,265,13
355,306,29
355,346,22
355,355,-2098
355,356,972
355,363,832
355,383,5
355,417,1
355,446,20
355,481,3
355,588,2
355,628,109
355,701,86
355,841,4
356,265,16
356,306,24
356,346,24
356,356,-1961
356,357,878
356,364,710
356,383,9
356,417,4
356,446,36
356,481,3
356,544,3
356,588,4
356,628,162
356,701,86
356,841,2
357,265,5
357,306,19
357,346,24
357,357,-1352
357,358,314
357,365,532
357,383,4
357,446,34
357,481,2
357,544,1
357,588,2
357,628,339
357,701,72
357,841,4
358,265,8
358,306,5
358,346,9
358,358,-388
358,359,91
358,366,144
358,383,2
358,417,1
358,446,6
358,544,1
358,588,2
358,628,91
358,701,27
358,841,1
359,265,1
359,306,3
359,346,1
359,359,-104
359,360,25
359,367,37
359,383,1
359,446,4
359,628,27
359,701,5
360,265,1
360,360,-30
360,361,6
360,368,14
360,628,9
361,361,-7
361,362,2
361,369,1
361,383,1
361,628,3
362,362,-3
362,370,3
363,265,6
363,306,6
363,346,9
363,363,-832
363,364,381
363,372,330
363,383,3
363,417,2
363,446,8
363,588,1
363,628,52
363,701,33
363,841,1
364,265,14
364,306,25
364,346,16
364,364,-1091
364,365,534
364,373,339
364,383,2
364,417,1
364,446,22
364,481,1
364,544,1
364,588,3
364,628,79
364,701,53
364,841,1
365,265,17
365,306,24
365,346,19
365,365,-1066
365,366,252
365,374,367
365,383,5
365,417,2
365,446,25
365,481,1
365,544,2
365,588,6
365,628,271
365,701,73
365,841,2
366,265,3
366,306,15
366,346,2
366,366,-396
366,367,101
366,375,131
366,383,1
366,417,2
366,446,8
366,588,1
366,628,105
366,701,26
366,841,1
367,265,2
367,306,3
367,346,4
367,367,-138
367,368,36
367,376,40
367,446,3
367,481,1
367,588,1
367,628,44
367,701,4
368,306,2
368,346,2
368,368,-50
368,369,10
368,377,14
368,383,1
368,446,1
368,628,16
368,701,4
369,346,1
369,369,-11
369,370,1
369,378,4
369,446,1
369,628,2
369,701,2
370,370,-4
370,371,1
370,379,1
370,701,2
371,371,-1
371,628,1
372,265,1
372,306,3
372,346,2
372,372,-330
372,373,154
372,383,155
372,446,2
372,628,8
372,701,5
373,265,4
373,306,12
373,346,6
373,373,-493
373,374,237
373,383,146
373,446,7
373,481,1
373,544,2
373,588,1
373,628,50
373,701,27
374,265,8
374,306,12
374,346,8
374,374,-604
374,375,164
374,383,155
374,417,2
374,446,9
374,481,1
374,588,1
374,628,203
374,701,38
374,841,3
375,265,7
375,306,5
375,346,3
375,375,-295
375,376,72
375,383,88
375,417,1
375,446,10
375,544,1
375,628,80
375,701,27
375,841,1
376,306,4
376,346,5
376,376,-112
376,377,39
376,383,23
376,446,7
376,628,29
376,701,4
376,841,1
377,306,2
377,346,3
377,377,-53
377,378,17
377,383,10
377,628,20
377,701,1
378,378,-21
378,379,6
378,383,9
378,628,4
378,701,2
379,306,1
379,379,-7
379,380,4
379,383,1
379,628,1
380,380,-4
380,381,2
380,383,1
380,628,1
381,381,-2
381,382,1
381,383,1
382,382,-1
382,383,1
383,383,-4138
383,384,4138
384,265,17
384,346,9
384,383,31
384,384,-4292
384,385,1981
384,392,1756
384,417,2
384,446,18
384,481,27
384,514,54
384,588,1
384,628,2
384,666,155
384,701,1
384,734,77
384,768,64
384,843,9
384,845,87
384,849,1
385,265,17
385,346,7
385,383,20
385,385,-1981
385,386,869
385,393,718
385,417,3
385,446,20
385,481,22
385,514,44
385,588,1
385,628,3
385,666,109
385,701,4
385,734,54
385,768,36
385,843,3
385,845,51
386,265,5
386,346,1
386,383,9
386,386,-869
386,387,171
386,394,358
386,417,1
386,446,7
386,481,7
386,514,17
386,544,1
386,666,214
386,701,1
386,734,30
386,768,17
386,843,5
386,845,25
387,265,4
387,346,2
387,383,2
387,387,-171
387,388,34
387,395,64
387,446,2
387,481,2
387,514,3
387,666,39
387,734,8
387,768,6
387,845,5
388,388,-34
388,389,6
388,396,14
388,481,1
388,514,1
388,666,7
388,734,1
388,768,1
388,845,3
389,389,-6
389,390,1
389,397,3
389,666,2
390,390,-1
390,391,1
391,391,-1
391,399,1
392,265,11
392,346,2
392,383,21
392,392,-1756
392,393,875
392,401,627
392,417,1
392,446,6
392,481,18
392,514,30
392,588,1
392,666,65
392,734,38
392,768,23
392,843,2
392,845,36
393,265,12
393,346,3
393,383,14
393,393,-1593
393,394,730
393,402,555
393,417,6
393,446,21
393,481,15
393,514,35
393,588,3
393,666,95
393,734,38
393,768,20
393,843,8
393,845,38
394,265,5
394,346,2
394,383,17
394,394,-1088
394,395,250
394,403,392
394,417,1
394,446,9
394,481,7
394,514,34
394,628,1
394,666,272
394,734,39
394,768,22
394,843,5
394,845,32
395,265,3
395,346,3
395,383,7
395,395,-314
395,396,71
395,404,112
395,417,2
395,446,1
395,481,3
395,514,8
395,628,1
395,666,79
395,734,11
395,768,3
395,843,2
395,845,8
396,265,1
396,383,4
396,396,-85
396,397,17
396,405,26
396,514,2
396,588,1
396,666,24
396,734,4
396,768,2
396,845,4
397,397,-20
397,398,6
397,406,6
397,666,5
397,734,1
397,845,2
398,383,1
398,398,-6
398,399,1
398,407,1
398,666,2
398,734,1
399,399,-2
399,400,1
399,768,1
400,400,-1
400,666,1
401,265,8
401,346,3
401,383,2
401,401,-627
401,402,311
401,409,220
401,446,4
401,481,7
401,514,13
401,588,1
401,628,1
401,666,29
401,701,1
401,734,10
401,768,5
401,843,3
401,845,9
402,265,14
402,346,2
402,383,13
402,402,-866
402,403,416
402,410,267
402,446,4
402,481,5
402,514,14
402,544,1
402,588,2
402,628,2
402,666,52
402,734,31
402,768,11
402,843,1
402,845,31
403,265,9
403,346,2
403,383,14
403,403,-808
403,404,203
403,411,241
403,417,1
403,446,10
403,481,13
403,514,21
403,588,1
403,628,2
403,666,212
403,734,24
403,768,20
403,843,6
403,845,29
404,265,3
404,346,3
404,383,4
404,404,-315
404,405,85
404,412,85
404,417,3
404,446,4
404,481,3
404,514,11
404,588,1
404,628,1
404,666,84
404,734,10
404,768,4
404,843,1
404,845,13
405,265,1
405,346,1
405,383,3
405,405,-111
405,406,31
405,413,23
405,446,2
405,481,1
405,514,2
405,666,36
405,734,5
405,768,4
405,843,1
405,845,1
406,265,1
406,383,1
406,406,-37
406,407,8
406,414,6
406,481,1
406,514,1
406,666,13
406,734,1
406,768,1
406,843,1
406,845,3
407,265,1
407,407,-9
407,408,3
407,415,2
407,666,1
407,768,1
407,845,1
408,383,1
408,408,-3
408,416,1
408,666,1
409,265,2
409,383,1
409,409,-220
409,410,137
409,446,1
409,514,71
409,666,4
409,734,1
409,768,1
409,845,2
410,265,9
410,346,2
410,383,4
410,410,-404
410,411,196
410,417,1
410,446,4
410,481,1
410,514,138
410,666,19
410,701,2
410,734,10
410,768,3
410,843,4
410,845,11
411,265,4
411,346,6
411,383,10
411,411,-437
411,412,119
411,446,7
411,481,3
411,514,115
411,588,1
411,666,122
411,701,1
411,734,23
411,768,10
411,843,7
411,845,9
412,265,2
412,383,3
412,412,-204
412,413,60
412,417,1
412,446,1
412,481,3
412,514,52
412,588,1
412,628,1
412,666,56
412,701,1
412,734,8
412,768,6
412,845,9
413,413,-83
413,414,23
413,417,1
413,481,4
413,514,27
413,666,18
413,734,4
413,768,5
413,845,1
414,265,2
414,414,-29
414,415,9
414,481,2
414,514,9
414,666,4
414,734,1
414,768,1
414,845,1
415,415,-11
415,446,1
415,514,2
415,666,5
415,734,2
415,768,1
416,416,-1
416,514,1
417,417,-1130
417,418,1130
418,265,2
418,306,51
418,346,20
418,418,-1601
418,419,709
418,423,698
418,446,7
418,544,58
418,588,7
418,628,2
418,701,43
418,841,4
419,265,6
419,306,25
419,346,10
419,417,1
419,419,-709
419,420,309
419,424,289
419,544,31
419,588,6
419,701,32
420,265,2
420,306,6
420,346,5
420,417,1
420,420,-309
420,421,57
420,425,148
420,446,1
420,544,15
420,588,3
420,628,1
420,701,68
420,841,2
421,265,3
421,306,5
421,417,1
421,421,-57
421,422,11
421,426,21
421,446,1
421,544,2
421,628,1
421,701,12
422,422,-11
422,427,7
422,544,2
422,701,2
423,265,6
423,306,18
423,346,7
423,417,2
423,423,-698
423,424,328
423,429,279
423,446,1
423,544,35
423,588,4
423,701,18
424,265,4
424,306,32
424,346,10
424,417,1
424,424,-617
424,425,283
424,430,217
424,446,2
424,544,35
424,588,4
424,628,1
424,701,28
425,265,3
425,306,20
425,346,3
425,425,-431
425,426,94
425,431,184
425,446,4
425,544,20
425,588,4
425,701,98
425,841,1
426,265,1
426,306,4
426,426,-115
426,427,29
426,432,47
426,446,1
426,544,9
426,588,1
426,701,22
426,841,1
427,306,2
427,427,-36
427,428,5
427,433,20
427,544,4
427,588,1
427,701,4
428,306,1
428,428,-5
428,434,2
428,544,1
428,701,1
429,265,4
429,306,7
429,346,1
429,429,-279
429,430,112
429,437,131
429,446,1
429,544,17
429,588,2
429,701,4
430,265,2
430,306,21
430,346,6
430,430,-329
430,431,164
430,438,103
430,544,14
430,588,5
430,628,1
430,701,12
430,841,1
431,265,4
431,306,24
431,346,6
431,417,1
431,431,-348
431,432,80
431,439,124
431,446,1
431,544,24
431,588,3
431,701,80
431,841,1
432,265,2
432,306,13
432,346,1
432,417,1
432,432,-127
432,433,40
432,440,32
432,544,6
432,588,1
432,701,30
432,841,1
433,265,1
433,266,1
433,306,2
433,346,1
433,433,-60
433,434,16
433,441,22
433,544,4
433,701,13
434,306,4
434,434,-18
434,435,7
434,442,4
434,701,3
435,435,-7
435,436,2
435,443,3
435,701,2
436,346,1
436,436,-2
436,701,1
437,265,1
437,306,6
437,437,-131
437,438,37
437,446,82
437,544,2
437,588,1
437,701,2
438,265,3
438,306,7
438,346,2
438,438,-140
438,439,63
438,446,48
438,544,12
438,701,5
439,265,2
439,306,7
439,346,5
439,439,-187
439,440,57
439,446,49
439,544,14
439,588,2
439,628,1
439,701,49
439,841,1
440,306,3
440,346,1
440,440,-89
440,441,34
440,446,21
440,544,5
440,701,25
441,306,4
441,346,1
441,441,-56
441,442,18
441,446,13
441,544,5
441,588,2
441,701,13
442,306,1
442,442,-22
442,443,10
442,446,2
442,544,2
442,588,1
442,701,6
443,265,1
443,443,-13
443,444,6
443,446,2
443,544,1
443,701,3
444,346,1
444,444,-6
444,445,2
444,446,1
444,544,1
444,701,1
445,445,-2
445,701,2
446,446,-1736
446,447,1736
447,265,11
447,346,3
447,383,51
447,446,7
447,447,-1799
447,448,797
447,454,688
447,481,16
447,514,13
447,544,1
447,588,65
447,628,33
447,666,6
447,701,1
447,734,48
447,768,6
447,843,5
447,849,48
448,265,10
448,346,2
448,383,41
448,446,3
448,448,-797
448,449,329
448,455,292
448,481,6
448,514,7
448,588,43
448,628,15
448,666,3
448,734,19
448,768,5
448,843,1
448,845,2
448,849,19
449,265,4
449,346,1
449,383,20
449,417,2
449,446,2
449,449,-329
449,450,70
449,456,123
449,481,3
449,514,2
449,588,15
449,628,4
449,666,3
449,734,63
449,768,4
449,843,2
449,849,11
450,383,5
450,450,-70
450,451,25
450,457,18
450,481,1
450,588,3
450,734,14
450,768,2
450,849,2
451,383,1
451,451,-25
451,452,7
451,458,10
451,588,1
451,734,5
451,849,1
452,452,-7
452,453,1
452,459,5
452,481,1
453,453,-1
453,460,1
454,265,11
454,346,2
454,383,25
454,417,1
454,446,9
454,454,-688
454,455,322
454,462,225
454,481,3
454,514,1
454,588,31
454,628,10
454,666,5
454,734,17
454,768,4
454,843,1
454,845,1
454,849,20
455,265,4
455,346,3
455,383,24
455,417,1
455,446,9
455,455,-614
455,456,269
455,463,207
455,481,5
455,514,2
455,588,37
455,628,10
455,666,1
455,734,12
455,768,6
455,843,1
455,849,23
456,265,5
456,307,1
456,383,15
456,446,3
456,456,-392
456,457,96
456,464,112
456,481,6
456,514,3
456,588,15
456,628,4
456,666,1
456,734,106
456,768,1
456,843,1
456,849,23
457,265,2
457,383,3
457,457,-114
457,458,27
457,465,37
457,481,2
457,514,1
457,588,8
457,628,4
457,734,22
457,849,8
458,383,5
458,446,2
458,458,-37
458,459,4
458,466,10
458,588,5
458,628,2
458,734,8
458,849,1
459,459,-9
459,460,2
459,467,4
459,628,1
459,734,2
460,460,-3
460,461,1
460,468,2
461,461,-1
461,469,1
462,265,1
462,346,2
462,383,9
462,417,1
462,462,-225
462,463,92
462,472,84
462,481,1
462,514,2
462,588,8
462,628,6
462,734,8
462,849,11
463,265,2
463,346,3
463,383,16
463,417,1
463,446,4
463,463,-299
463,464,137
463,473,78
463,481,5
463,514,4
463,588,15
463,628,7
463,666,1
463,734,10
463,768,2
463,843,2
463,849,12
464,346,4
464,383,7
464,446,4
464,464,-249
464,465,69
464,474,74
464,481,4
464,588,13
464,628,4
464,734,54
464,768,2
464,841,2
464,849,12
465,265,2
465,346,1
465,383,5
465,446,4
465,465,-106
465,466,21
465,475,35
465,481,1
465,588,8
465,666,1
465,734,22
465,768,1
465,841,1
465,849,4
466,265,1
466,383,1
466,466,-31
466,467,11
466,476,12
466,588,1
466,734,4
466,849,1
467,383,1
467,467,-15
467,468,5
467,477,2
467,666,1
467,734,6
468,468,-7
468,469,2
468,478,2
468,588,1
468,734,2
469,383,1
469,469,-3
469,470,1
469,479,1
470,470,-1
470,471,1
471,471,-1
471,480,1
472,265,1
472,383,2
472,446,1
472,472,-84
472,473,45
472,514,35
473,265,6
473,383,8
473,446,2
473,473,-123
473,474,49
473,481,1
473,514,36
473,588,10
473,628,3
473,734,3
473,849,5
474,265,1
474,346,1
474,383,7
474,417,2
474,446,2
474,474,-123
474,475,27
474,481,1
474,514,22
474,588,11
474,628,6
474,701,2
474,734,33
474,768,7
474,849,1
475,383,3
475,475,-62
475,476,17
475,481,1
475,514,21
475,588,3
475,628,1
475,734,12
475,768,3
475,843,1
476,383,3
476,417,1
476,446,1
476,476,-29
476,477,12
476,514,5
476,588,1
476,734,4
476,849,2
477,477,-14
477,478,6
477,514,1
477,588,2
477,628,1
477,734,2
477,768,1
477,849,1
478,446,1
478,478,-8
478,479,1
478,588,2
478,734,2
478,768,1
478,841,1
479,479,-2
479,588,1
479,734,1
480,480,-1
480,514,1
481,481,-1047
481,482,1047
482,265,7
482,306,15
482,346,23
482,417,1
482,446,22
482,481,1
482,482,-1548
482,483,669
482,488,703
482,514,4
482,628,19
482,666,5
482,701,32
482,734,8
482,768,36
482,843,1
482,849,2
483,265,2
483,306,6
483,346,7
483,446,11
483,483,-669
483,484,299
483,489,277
483,514,5
483,544,1
483,628,7
483,666,1
483,701,25
483,734,5
483,768,19
483,841,2
483,845,2
484,265,1
484,306,5
484,346,3
484,446,4
484,484,-299
484,485,62
484,490,146
484,514,1
484,588,1
484,628,6
484,666,1
484,701,11
484,734,1
484,768,56
484,843,1
485,265,2
485,306,1
485,485,-62
485,486,15
485,491,25
485,514,1
485,628,3
485,701,2
485,734,1
485,768,12
486,486,-15
486,487,2
486,492,7
486,701,2
486,768,4
487,487,-2
487,493,1
487,701,1
488,265,4
488,306,5
488,346,4
488,383,1
488,446,15
488,488,-703
488,489,298
488,496,311
488,514,6
488,544,1
488,628,13
488,701,20
488,734,4
488,768,19
488,841,2
489,265,5
489,306,11
489,346,4
489,383,2
489,417,2
489,446,12
489,481,2
489,489,-575
489,490,260
489,497,202
489,514,5
489,544,1
489,628,20
489,701,21
489,734,5
489,768,20
489,841,1
489,845,2
490,265,4
490,306,8
490,346,4
490,347,1
490,383,1
490,446,8
490,490,-406
490,491,97
490,498,153
490,514,2
490,544,1
490,588,1
490,628,13
490,666,1
490,701,20
490,734,5
490,768,87
491,265,3
491,306,1
491,346,3
491,383,1
491,446,5
491,491,-122
491,492,26
491,499,51
491,514,1
491,628,4
491,701,8
491,768,19
492,306,1
492,446,1
492,492,-33
492,493,13
492,500,10
492,628,1
492,701,2
492,768,5
493,306,1
493,493,-14
493,494,5
493,501,7
493,768,1
494,346,1
494,494,-5
494,495,1
494,502,1
494,701,1
494,768,1
495,495,-1
495,503,1
496,265,1
496,306,5
496,346,2
496,383,2
496,446,4
496,496,-311
496,497,116
496,505,155
496,544,1
496,628,6
496,666,1
496,701,7
496,734,1
496,768,9
496,841,1
497,265,4
497,306,4
497,346,5
497,417,1
497,446,11
497,497,-318
497,498,168
497,506,86
497,514,2
497,628,3
497,666,2
497,701,20
497,734,2
497,768,10
498,306,6
498,346,4
498,383,1
498,446,15
498,498,-321
498,499,60
498,507,118
498,514,3
498,628,7
498,666,2
498,701,12
498,734,5
498,768,87
498,845,1
499,306,4
499,446,7
499,499,-111
499,500,25
499,508,39
499,701,6
499,768,30
500,306,1
500,346,1
500,446,1
500,500,-35
500,501,11
500,509,8
500,628,3
500,701,3
500,768,6
500,845,1
501,383,1
501,446,1
501,501,-18
501,502,7
501,510,6
501,628,1
501,701,1
501,768,1
502,306,1
502,346,1
502,502,-8
502,503,1
502,511,3
502,628,1
502,768,1
503,503,-2
503,504,1
503,514,1
504,504,-1
504,513,1
505,505,-155
505,506,43
505,514,108
505,628,1
505,701,1
505,768,2
506,306,1
506,346,6
506,417,1
506,446,4
506,481,1
506,506,-129
506,507,52
506,514,40
506,628,8
506,666,1
506,701,7
506,768,8
507,265,2
507,306,3
507,346,4
507,446,8
507,481,1
507,507,-170
507,508,39
507,514,46
507,628,8
507,666,3
507,701,7
507,734,2
507,768,44
507,841,1
507,845,2
508,383,1
508,446,3
508,508,-78
508,509,24
508,514,19
508,628,3
508,701,2
508,734,3
508,768,23
509,346,1
509,509,-32
509,510,9
509,514,8
509,588,1
509,666,1
509,701,1
509,768,11
510,306,1
510,346,1
510,510,-15
510,511,6
510,514,5
510,628,1
510,768,1
511,265,1
511,346,1
511,511,-9
511,512,2
511,514,2
511,628,1
511,768,2
512,512,-2
512,513,1
512,701,1
513,446,1
513,513,-2
513,514,1
514,514,-1603
514,515,1603
515,265,8
515,346,9
515,383,11
515,417,1
515,446,10
515,481,13
515,514,45
515,515,-1658
515,516,822
515,522,603
515,588,1
515,628,1
515,666,36
515,701,1
515,734,17
515,768,11
515,806,37
515,843,1
515,847,4
515,849,1
515,851,5
515,853,21
516,265,3
516,346,3
516,383,6
516,417,2
516,446,7
516,481,12
516,514,24
516,516,-822
516,517,365
516,523,303
516,544,1
516,666,13
516,734,22
516,768,6
516,806,28
516,847,2
516,851,5
516,853,20
517,265,1
517,383,2
517,446,2
517,481,8
517,514,15
517,517,-365
517,518,73
517,524,143
517,628,1
517,666,6
517,701,1
517,734,9
517,768,4
517,806,92
517,843,1
517,847,2
517,853,5
518,383,1
518,446,1
518,481,1
518,514,1
518,518,-73
518,519,18
518,525,28
518,734,1
518,768,2
518,806,19
518,853,1
519,514,2
519,519,-18
519,520,5
519,526,8
519,806,3
520,520,-5
520,521,1
520,527,2
520,806,2
521,521,-1
521,528,1
522,265,8
522,346,2
522,383,8
522,417,2
522,446,1
522,481,6
522,514,9
522,522,-603
522,523,296
522,530,209
522,628,1
522,666,9
522,734,9
522,768,9
522,806,19
522,843,1
522,847,4
522,853,10
523,265,7
523,346,3
523,383,7
523,446,5
523,481,7
523,514,21
523,523,-599
523,524,286
523,531,201
523,628,1
523,666,7
523,734,13
523,768,4
523,806,21
523,847,4
523,851,2
523,853,10
524,265,6
524,346,1
524,383,2
524,446,4
524,481,3
524,514,8
524,524,-429
524,525,84
524,532,161
524,666,6
524,701,1
524,734,23
524,768,4
524,806,106
524,847,7
524,851,1
524,853,12
525,265,1
525,383,2
525,417,3
525,481,5
525,514,3
525,525,-112
525,526,23
525,533,40
525,666,3
525,734,4
525,768,1
525,806,24
525,853,3
526,481,1
526,514,2
526,526,-31
526,527,6
526,534,8
526,666,1
526,734,1
526,806,9
526,853,3
527,514,1
527,527,-8
527,528,2
527,535,2
527,666,1
527,806,2
528,528,-3
528,529,1
528,536,2
529,529,-1
529,806,1
530,265,1
530,346,3
530,383,1
530,446,3
530,481,6
530,514,6
530,530,-209
530,531,105
530,537,71
530,666,1
530,734,3
530,768,1
530,806,5
530,851,1
530,853,2
531,265,2
531,346,1
531,383,5
531,446,6
531,481,5
531,514,7
531,531,-306
531,532,140
531,538,97
531,666,4
531,734,8
531,768,4
531,806,17
531,843,2
531,853,8
532,265,2
532,346,2
532,383,4
532,417,1
532,446,3
532,481,7
532,514,11
532,532,-301
532,533,81
532,539,85
532,666,7
532,734,11
532,768,2
532,806,76
532,843,1
532,847,1
532,851,2
532,853,5
533,383,1
533,481,1
533,514,5
533,533,-121
533,534,41
533,540,35
533,666,2
533,701,1
533,734,5
533,768,1
533,806,24
533,847,1
533,853,4
534,383,1
534,481,1
534,514,3
534,534,-49
534,535,11
534,541,19
534,666,1
534,806,12
534,853,1
535,265,1
535,383,1
535,481,1
535,514,1
535,535,-13
535,536,1
535,542,5
535,806,3
536,536,-3
536,543,1
536,666,1
536,853,1
537,481,1
537,514,31
537,537,-71
537,538,34
537,628,1
537,666,1
537,734,1
537,768,1
537,806,1
538,265,2
538,346,2
538,383,2
538,446,1
538,481,2
538,514,39
538,538,-131
538,539,65
538,666,3
538,734,5
538,768,3
538,806,4
538,853,3
539,265,1
539,383,5
539,446,4
539,481,3
539,514,30
539,539,-150
539,540,52
539,666,7
539,734,5
539,768,2
539,806,35
539,847,1
539,853,5
540,265,1
540,383,1
540,417,1
540,481,2
540,514,20
540,540,-87
540,541,26
540,588,1
540,666,3
540,734,4
540,806,25
540,847,1
540,851,1
540,853,1
541,265,2
541,383,1
541,481,1
541,514,13
541,541,-45
541,542,10
541,666,1
541,734,4
541,768,1
541,806,8
541,843,2
541,851,1
541,853,1
542,265,2
542,446,1
542,514,4
542,542,-15
542,543,3
542,806,4
542,853,1
543,514,3
543,543,-4
543,768,1
544,544,-23210
544,545,23210
545,544,140
545,545,-25974
545,546,13363
545,553,10074
545,588,575
545,628,169
545,701,13
545,841,1640
546,544,91
546,546,-13363
546,547,5674
546,554,5590
546,588,433
546,628,121
546,701,6
546,841,1448
547,544,28
547,547,-5674
547,548,1006
547,555,2626
547,588,199
547,628,56
547,701,4
547,841,1755
548,544,6
548,548,-1006
548,549,187
548,556,440
548,588,38
548,628,8
548,701,1
548,841,326
549,544,1
549,549,-187
549,550,46
549,557,81
549,588,6
549,841,53
550,550,-46
550,551,6
550,558,26
550,588,1
550,841,13
551,551,-6
551,552,3
551,559,2
551,841,1
552,552,-3
552,560,2
552,841,1
553,544,82
553,553,-10074
553,554,5141
553,564,3427
553,588,322
553,628,110
553,701,6
553,841,986
554,544,100
554,554,-10731
554,555,4850
554,565,3862
554,588,434
554,628,132
554,701,11
554,841,1342
555,544,55
555,555,-7476
555,556,1398
555,566,3093
555,588,339
555,628,77
555,701,4
555,841,2510
556,544,14
556,556,-1838
556,557,389
556,567,685
556,588,89
556,628,19
556,701,2
556,841,640
557,557,-470
557,558,105
557,568,186
557,588,23
557,628,7
557,841,149
558,558,-131
558,559,31
558,569,58
558,588,4
558,628,2
558,841,36
559,559,-33
559,560,10
559,570,12
559,588,1
559,628,1
559,841,9
560,560,-12
560,561,5
560,571,2
560,628,1
560,841,4
561,561,-5
561,562,2
561,572,1
561,841,2
562,562,-2
562,563,1
562,573,1
563,563,-1
563,841,1
564,544,34
564,564,-3427
564,565,1826
564,576,1088
564,588,110
564,628,36
564,701,4
564,841,329
565,544,62
565,565,-5688
565,566,2878
565,577,1614
565,588,247
565,628,85
565,701,9
565,841,793
566,544,53
566,566,-5971
566,567,1455
566,578,1838
566,588,306
566,628,79
566,701,10
566,841,2230
567,544,25
567,567,-2140
567,568,491
567,579,714
567,588,100
567,628,33
567,701,1
567,841,776
568,544,11
568,568,-677
568,569,186
568,580,168
568,588,35
568,628,10
568,701,2
568,841,265
569,569,-244
569,570,57
569,581,74
569,588,21
569,628,3
569,841,89
570,570,-69
570,571,19
570,582,21
570,588,2
570,841,27
571,571,-21
571,572,6
571,583,8
571,628,1
571,841,6
572,572,-7
572,573,3
572,584,1
572,628,1
572,841,2
573,573,-4
573,574,2
573,588,1
573,841,1
574,574,-2
574,575,2
575,575,-2
575,586,1
575,841,1
576,544,4
576,576,-1088
576,577,694
576,588,350
576,628,4
576,841,36
577,544,32
577,577,-2308
577,578,1169
577,588,726
577,628,43
577,701,1
577,841,337
578,544,40
578,578,-3007
578,579,849
578,588,932
578,628,54
578,701,4
578,841,1128
579,544,36
579,579,-1563
579,580,407
579,588,466
579,628,36
579,701,3
579,841,615
580,544,16
580,580,-575
580,581,152
580,588,189
580,628,14
580,701,2
580,841,202
581,544,8
581,581,-226
581,582,69
581,588,61
581,628,6
581,701,1
581,841,81
582,544,2
582,582,-90
582,583,22
582,588,27
582,628,1
582,841,38
583,583,-30
583,584,6
583,588,10
583,628,1
583,841,13
584,544,1
584,584,-7
584,585,1
584,588,2
584,841,3
585,585,-1
585,841,1
586,586,-1
586,587,1
587,587,-1
587,841,1
588,588,-11940
588,589,11940
589,544,64
589,588,1
589,589,-12111
589,590,5812
589,597,4758
589,628,44
589,666,255
589,701,14
589,734,99
589,768,45
589,841,2
589,842,48
589,843,960
589,845,8
589,849,1
590,544,35
590,588,1
590,590,-5812
590,591,2463
590,598,2208
590,628,23
590,666,179
590,701,6
590,734,73
590,768,28
590,841,1
590,842,42
590,843,747
590,845,3
590,849,3
591,544,20
591,591,-2463
591,592,448
591,599,1021
591,628,14
591,666,62
591,701,1
591,734,28
591,768,12
591,841,2
591,842,15
591,843,840
592,544,2
592,592,-448
592,593,102
592,600,150
592,628,1
592,666,21
592,701,3
592,734,5
592,768,4
592,842,5
592,843,155
593,544,2
593,593,-102
593,594,19
593,601,34
593,666,9
593,734,1
593,843,37
594,594,-19
594,595,4
594,602,9
594,666,1
594,843,5
595,595,-4
595,596,2
595,603,1
595,843,1
596,596,-2
596,604,1
596,843,1
597,544,49
597,588,3
597,597,-4758
597,598,2297
597,607,1629
597,628,27
597,666,116
597,701,9
597,734,48
597,768,20
597,842,20
597,843,536
597,845,3
597,849,1
598,544,42
598,598,-4505
598,599,2063
598,608,1519
598,628,24
598,666,134
598,701,8
598,734,53
598,768,47
598,842,25
598,843,585
598,845,4
598,849,1
599,544,21
599,588,1
599,599,-3084
599,600,624
599,609,1137
599,628,17
599,666,103
599,701,6
599,734,34
599,768,17
599,841,1
599,842,28
599,843,1094
599,845,1
600,544,7
600,600,-774
600,601,185
600,610,249
600,628,8
600,666,31
600,734,10
600,768,3
600,842,6
600,843,274
600,845,1
601,544,1
601,601,-219
601,602,42
601,611,89
601,628,2
601,666,8
601,734,1
601,768,4
601,842,1
601,843,71
602,544,1
602,602,-51
602,603,6
602,612,18
602,666,1
602,734,1
602,768,1
602,843,23
603,603,-7
603,604,3
603,613,2
603,666,1
603,842,1
604,604,-4
604,605,3
604,843,1
605,605,-3
605,606,1
605,615,1
605,843,1
606,606,-1
606,843,1
607,544,23
607,607,-1629
607,608,798
607,617,535
607,628,12
607,666,48
607,701,1
607,734,15
607,768,6
607,842,3
607,843,187
607,845,1
608,544,27
608,608,-2317
608,609,1096
608,618,667
608,628,17
608,666,95
608,701,7
608,734,26
608,768,16
608,842,16
608,843,348
608,845,2
609,544,21
609,588,1
609,609,-2233
609,610,559
609,619,629
609,628,14
609,666,86
609,701,4
609,734,31
609,768,16
609,841,1
609,842,15
609,843,855
609,845,1
610,544,15
610,588,1
610,610,-808
610,611,194
610,620,249
610,628,4
610,666,27
610,734,11
610,768,8
610,841,1
610,842,2
610,843,296
611,544,3
611,611,-283
611,612,70
611,621,90
611,666,13
611,701,1
611,734,3
611,768,1
611,842,1
611,843,101
612,544,1
612,612,-88
612,613,26
612,622,23
612,628,1
612,666,3
612,734,1
612,768,2
612,843,31
613,613,-28
613,614,11
613,623,5
613,666,2
613,768,1
613,843,9
614,614,-11
614,615,3
614,624,2
614,843,6
615,615,-4
615,616,1
615,625,1
615,843,2
616,616,-1
616,843,1
617,544,3
617,617,-535
617,618,326
617,628,2
617,666,189
617,734,1
617,768,1
617,843,13
618,544,18
618,618,-993
618,619,479
618,628,6
618,666,319
618,701,2
618,734,7
618,768,8
618,842,2
618,843,152
619,544,14
619,588,1
619,619,-1108
619,620,326
619,628,14
619,666,264
619,701,5
619,734,38
619,768,2
619,841,1
619,843,443
620,544,10
620,620,-575
620,621,167
620,628,7
620,666,132
620,701,1
620,734,18
620,768,4
620,843,235
620,849,1
621,544,6
621,621,-257
621,622,77
621,628,4
621,666,71
621,701,2
621,734,7
621,843,90
622,544,1
622,622,-100
622,623,26
622,628,2
622,666,30
622,734,3
622,768,1
622,843,36
622,845,1
623,544,3
623,623,-31
623,624,9
623,666,8
623,734,1
623,843,10
624,624,-11
624,625,5
624,628,1
624,666,1
624,734,2
624,843,2
625,625,-6
625,626,2
625,666,2
625,843,2
626,626,-2
626,627,2
627,627,-2
627,666,1
627,843,1
628,628,-4972
628,629,4972
629,544,25
629,588,82
629,628,51
629,629,-6501
629,630,3100
629,637,2793
629,666,15
629,701,6
629,734,33
629,768,1
629,841,1
629,842,2
629,843,7
629,845,385
630,544,25
630,545,1
630,588,68
630,628,54
630,630,-3100
630,631,1382
630,638,1193
630,666,12
630,701,4
630,734,22
630,841,3
630,842,1
630,843,3
630,845,332
631,544,6
631,588,25
631,628,11
631,631,-1382
631,632,290
631,639,652
631,666,7
631,701,1
631,734,8
631,842,1
631,845,381
632,544,3
632,588,2
632,628,4
632,632,-290
632,633,67
632,640,133
632,666,2
632,701,2
632,734,1
632,845,76
633,588,1
633,633,-67
633,634,18
633,641,32
633,845,16
634,588,1
634,634,-18
634,635,3
634,642,7
634,845,7
635,635,-3
635,636,1
635,643,1
635,845,1
636,636,-1
636,845,1
637,544,17
637,588,57
637,628,24
637,637,-2793
637,638,1303
637,646,1133
637,666,3
637,701,3
637,734,13
637,841,1
637,842,2
637,843,5
637,845,232
638,544,20
638,588,48
638,628,37
638,638,-2496
638,639,1137
638,647,919
638,666,7
638,701,2
638,734,26
638,842,7
638,843,4
638,845,289
639,544,4
639,588,33
639,628,26
639,639,-1789
639,640,385
639,648,736
639,666,8
639,701,5
639,734,21
639,768,1
639,841,1
639,842,1
639,843,3
639,845,565
640,544,4
640,588,14
640,628,6
640,640,-518
640,641,112
640,649,184
640,666,3
640,701,1
640,734,5
640,843,1
640,845,188
641,544,1
641,588,8
641,628,2
641,641,-144
641,642,35
641,650,48
641,666,2
641,734,1
641,842,1
641,845,46
642,588,2
642,642,-42
642,643,14
642,651,9
642,734,1
642,845,16
643,588,1
643,643,-15
643,644,2
643,652,6
643,845,6
644,644,-2
644,645,1
644,653,1
645,645,-1
645,654,1
646,544,11
646,588,16
646,628,8
646,646,-1133
646,647,456
646,655,553
646,666,1
646,734,3
646,841,1
646,843,1
646,845,83
647,544,11
647,588,34
647,628,18
647,647,-1375
647,648,690
647,656,426
647,666,4
647,701,5
647,734,13
647,768,1
647,841,2
647,842,1
647,843,2
647,845,168
648,544,13
648,588,46
648,628,28
648,648,-1426
648,649,346
648,657,452
648,666,7
648,701,4
648,734,10
648,841,2
648,842,1
648,843,5
648,845,512
649,544,3
649,588,15
649,628,11
649,649,-530
649,650,122
649,658,188
649,666,4
649,701,1
649,734,2
649,841,1
649,842,1
649,843,2
649,845,180
650,544,1
650,588,3
650,628,4
650,650,-170
650,651,44
650,659,56
650,701,1
650,734,3
650,845,58
651,544,3
651,588,2
651,628,2
651,651,-53
651,652,13
651,660,17
651,845,16
652,628,1
652,652,-19
652,653,6
652,661,7
652,845,5
653,653,-7
653,654,2
653,662,1
653,845,4
654,654,-3
654,663,3
655,544,2
655,588,3
655,628,3
655,655,-553
655,656,198
655,666,338
655,734,4
655,845,5
656,544,7
656,588,9
656,628,12
656,656,-624
656,657,305
656,666,216
656,734,6
656,845,69
657,544,11
657,588,25
657,628,16
657,657,-757
657,658,201
657,666,196
657,701,3
657,734,17
657,842,3
657,845,285
658,544,6
658,588,15
658,628,9
658,658,-389
658,659,96
658,666,108
658,701,2
658,734,10
658,841,1
658,845,142
659,588,3
659,628,4
659,659,-152
659,660,45
659,666,31
659,734,3
659,841,1
659,845,65
660,544,1
660,588,2
660,628,4
660,660,-62
660,661,17
660,666,14
660,734,2
660,845,22
661,628,1
661,661,-24
661,662,12
661,666,2
661,841,1
661,845,8
662,662,-13
662,663,6
662,666,4
662,845,3
663,588,1
663,663,-9
663,664,2
663,666,4
663,845,2
664,664,-2
664,665,1
664,845,1
665,665,-1
665,734,1
666,666,-5120
666,667,5120
667,544,18
667,628,21
667,666,42
667,667,-5376
667,668,2609
667,675,2167
667,701,6
667,734,51
667,768,25
667,806,41
667,841,1
667,843,12
667,845,1
667,846,1
667,847,380
667,849,1
668,544,18
668,628,18
668,666,24
668,668,-2609
668,669,1161
668,676,1001
668,701,1
668,734,31
668,768,11
668,806,28
668,841,1
668,843,7
668,844,3
668,847,304
668,851,1
669,544,9
669,628,7
669,666,11
669,669,-1161
669,670,237
669,677,475
669,701,1
669,734,12
669,768,8
669,806,13
669,843,9
669,845,1
669,846,1
669,847,377
670,544,3
670,628,1
670,666,3
670,670,-237
670,671,52
670,678,99
670,768,1
670,806,4
670,843,1
670,847,73
671,666,1
671,671,-52
671,672,11
671,679,16
671,734,1
671,806,2
671,844,1
671,847,20
672,672,-11
672,673,4
672,680,2
672,847,5
673,673,-4
673,674,2
673,681,1
673,847,1
674,666,1
674,674,-2
674,682,1
675,544,16
675,588,1
675,628,15
675,666,22
675,675,-2167
675,676,1035
675,683,777
675,701,5
675,734,21
675,768,9
675,806,12
675,841,1
675,842,1
675,843,9
675,844,2
675,845,2
675,846,3
675,847,235
675,850,1
676,544,12
676,628,13
676,666,28
676,676,-2036
676,677,943
676,684,702
676,701,1
676,734,34
676,768,15
676,806,23
676,843,6
676,844,4
676,846,1
676,847,254
677,544,8
677,628,5
677,666,16
677,677,-1418
677,678,287
677,685,526
677,701,4
677,734,21
677,768,7
677,806,21
677,841,1
677,843,6
677,844,1
677,847,515
678,544,1
678,628,3
678,666,4
678,678,-386
678,679,88
678,686,137
678,701,1
678,734,5
678,768,2
678,806,3
678,843,3
678,844,1
678,847,138
679,544,1
679,628,2
679,666,4
679,679,-104
679,680,18
679,687,36
679,734,1
679,768,2
679,806,5
679,847,35
680,680,-20
680,681,2
680,688,8
680,734,1
680,806,1
680,847,8
681,681,-3
681,682,1
681,689,1
681,806,1
682,682,-2
682,690,1
682,768,1
683,544,5
683,628,6
683,666,8
683,683,-777
683,684,406
683,692,248
683,701,1
683,734,11
683,768,5
683,806,7
683,843,3
683,845,1
683,847,76
684,544,9
684,628,15
684,666,17
684,684,-1108
684,685,528
684,693,340
684,701,5
684,734,13
684,768,7
684,806,18
684,841,1
684,843,5
684,844,2
684,845,1
684,847,147
685,544,11
685,628,7
685,666,21
685,685,-1054
685,686,266
685,694,303
685,701,3
685,734,17
685,768,9
685,806,19
685,843,6
685,844,2
685,847,390
686,544,4
686,628,1
686,666,9
686,686,-403
686,687,103
686,695,123
686,768,4
686,806,7
686,841,1
686,843,3
686,847,148
687,544,3
687,666,4
687,687,-139
687,688,35
687,696,34
687,734,1
687,806,6
687,843,1
687,847,55
688,628,1
688,666,3
688,688,-43
688,689,11
688,697,11
688,734,1
688,768,1
688,847,15
689,544,1
689,689,-12
689,690,4
689,698,3
689,847,4
690,544,1
690,690,-5
690,691,1
690,734,1
690,768,1
690,847,1
691,691,-1
691,700,1
692,544,1
692,628,1
692,666,1
692,692,-248
692,693,142
692,734,2
692,806,87
692,843,1
692,847,13
693,544,9
693,628,5
693,666,5
693,693,-482
693,694,236
693,701,2
693,734,6
693,768,3
693,806,154
693,847,62
694,544,12
694,628,10
694,666,3
694,694,-539
694,695,151
694,701,1
694,734,18
694,768,3
694,806,149
694,844,1
694,847,191
695,628,1
695,666,2
695,695,-274
695,696,80
695,701,1
695,734,10
695,768,3
695,806,80
695,847,97
696,588,1
696,628,3
696,696,-114
696,697,34
696,701,1
696,734,3
696,806,30
696,847,41
696,851,1
697,544,1
697,697,-45
697,698,17
697,806,8
697,847,19
698,628,1
698,698,-20
698,699,4
698,734,1
698,806,6
698,847,8
699,699,-4
699,700,1
699,806,1
699,847,2
700,700,-2
700,847,2
701,701,-1979
701,702,1979
702,544,15
702,588,53
702,628,17
702,701,1
702,702,-2587
702,703,1188
702,709,1149
702,734,8
702,849,156
703,544,13
703,588,25
703,628,19
703,703,-1188
703,704,516
703,710,486
703,734,3
703,849,126
704,544,4
704,588,24
704,628,5
704,701,1
704,704,-516
704,705,108
704,711,233
704,734,2
704,842,1
704,849,138
705,544,1
705,588,4
705,705,-108
705,706,15
705,712,64
705,734,1
705,849,23
706,588,1
706,706,-15
706,707,3
706,713,7
706,849,4
707,544,1
707,628,1
707,707,-3
707,708,1
708,708,-1
708,849,1
709,544,6
709,588,25
709,628,7
709,701,3
709,709,-1149
709,710,519
709,716,494
709,734,1
709,849,94
710,544,8
710,588,39
710,628,13
710,701,1
710,710,-1005
710,711,452
710,717,368
710,734,1
710,841,1
710,843,1
710,849,121
711,544,2
711,588,22
711,628,10
711,711,-685
711,712,126
711,718,295
711,734,8
711,841,1
711,842,1
711,849,220
712,544,1
712,588,9
712,628,1
712,712,-190
712,713,36
712,719,83
712,734,1
712,842,1
712,849,58
713,544,2
713,588,4
713,713,-43
713,714,6
713,720,17
713,849,14
714,714,-6
714,715,3
714,721,1
714,849,2
715,715,-3
715,722,3
716,544,4
716,545,1
716,588,7
716,628,9
716,716,-494
716,717,213
716,726,208
716,734,1
716,849,51
717,544,8
717,588,30
717,628,10
717,701,1
717,717,-581
717,718,261
717,727,191
717,849,80
718,544,6
718,588,23
718,628,9
718,718,-556
718,719,121
718,728,177
718,734,3
718,841,1
718,842,1
718,849,215
719,544,2
719,588,10
719,628,3
719,719,-204
719,720,54
719,729,65
719,734,2
719,849,68
720,544,1
720,588,3
720,628,1
720,720,-71
720,721,18
720,730,20
720,734,1
720,849,27
721,588,2
721,721,-19
721,722,5
721,731,4
721,849,8
722,628,2
722,722,-8
722,723,1
722,732,2
722,849,3
723,723,-1
723,724,1
724,724,-1
724,725,1
725,725,-1
725,849,1
726,588,2
726,726,-208
726,727,71
726,734,128
726,849,7
727,544,1
727,588,4
727,628,6
727,727,-262
727,728,132
727,734,93
727,849,26
728,544,5
728,588,23
728,628,5
728,728,-309
728,729,92
728,734,65
728,849,119
729,544,2
729,588,13
729,628,2
729,729,-157
729,730,38
729,734,36
729,849,66
730,544,3
730,588,2
730,628,3
730,730,-58
730,731,17
730,734,11
730,849,22
731,588,1
731,628,1
731,731,-21
731,732,6
731,734,7
731,849,6
732,588,2
732,701,1
732,732,-8
732,733,1
732,849,4
733,733,-1
733,849,1
734,734,-2379
734,735,2379
735,544,15
735,628,12
735,666,36
735,701,3
735,734,13
735,735,-2394
735,736,1096
735,742,981
735,768,13
735,806,8
735,843,1
735,844,2
735,847,1
735,851,213
736,544,6
736,588,1
736,628,4
736,666,29
736,701,4
736,734,15
736,736,-1096
736,737,474
736,743,390
736,768,8
736,806,3
736,843,2
736,844,3
736,850,4
736,851,153
737,628,5
737,666,13
737,701,1
737,734,5
737,737,-474
737,738,87
737,744,182
737,768,4
737,806,6
737,841,1
737,844,3
737,851,167
738,628,1
738,666,2
738,734,2
738,738,-87
738,739,14
738,745,37
738,768,1
738,850,1
738,851,29
739,739,-14
739,740,3
739,746,5
739,851,6
740,740,-3
740,741,1
740,768,1
740,851,1
741,741,-1
741,851,1
742,544,7
742,628,1
742,666,24
742,701,1
742,734,10
742,742,-981
742,743,453
742,751,365
742,768,5
742,806,4
742,842,1
742,844,1
742,850,1
742,851,108
743,544,11
743,589,1
743,628,5
743,666,36
743,701,2
743,734,7
743,743,-843
743,744,380
743,752,278
743,768,7
743,806,4
743,845,1
743,846,1
743,850,1
743,851,109
744,544,5
744,628,2
744,666,12
744,701,3
744,734,8
744,744,-562
744,745,122
744,753,188
744,768,4
744,806,3
744,842,1
744,843,2
744,845,1
744,850,2
744,851,209
745,544,1
745,666,7
745,734,1
745,745,-159
745,746,31
745,754,53
745,768,1
745,844,1
745,845,1
745,851,63
746,746,-36
746,747,16
746,755,8
746,806,1
746,851,11
747,544,1
747,747,-16
747,748,4
747,756,4
747,851,7
748,748,-4
748,749,2
748,757,1
748,851,1
749,749,-2
749,750,1
749,851,1
750,750,-1
750,759,1
751,544,4
751,666,5
751,734,6
751,751,-365
751,752,167
751,760,147
751,768,1
751,806,1
751,851,34
752,544,7
752,588,1
752,628,4
752,666,12
752,701,2
752,734,4
752,752,-445
752,753,195
752,761,141
752,768,4
752,850,2
752,851,73
753,544,4
753,666,13
753,701,1
753,734,7
753,753,-383
753,754,103
753,762,100
753,768,4
753,844,1
753,849,1
753,850,1
753,851,148
754,544,2
754,628,2
754,666,6
754,734,2
754,754,-156
754,755,46
754,763,47
754,768,1
754,806,3
754,851,47
755,544,3
755,666,1
755,755,-54
755,756,14
755,764,14
755,851,22
756,544,1
756,734,1
756,756,-18
756,757,5
756,765,7
756,851,4
757,544,1
757,757,-6
757,758,1
757,766,2
757,851,2
758,758,-1
758,759,1
759,666,1
759,759,-2
759,768,1
760,666,1
760,760,-147
760,761,76
760,806,64
760,851,6
761,544,6
761,628,6
761,666,4
761,701,1
761,734,2
761,761,-217
761,762,98
761,806,64
761,851,36
762,544,3
762,628,2
762,666,6
762,734,9
762,762,-198
762,763,61
762,806,39
762,847,1
762,851,77
763,544,1
763,666,3
763,734,4
763,763,-108
763,764,27
763,768,1
763,806,25
763,849,1
763,851,46
764,544,1
764,734,1
764,764,-41
764,765,14
764,806,8
764,851,17
765,628,1
765,765,-21
765,766,5
765,806,5
765,851,10
766,766,-7
766,767,1
766,806,2
766,851,4
767,767,-1
767,806,1
768,768,-1182
768,769,1182
769,544,8
769,588,24
769,628,16
769,701,1
769,734,9
769,769,-1842
769,770,846
769,776,847
769,806,5
769,841,1
769,843,1
769,846,1
769,853,83
770,544,3
770,588,12
770,628,9
770,629,1
770,734,4
770,768,1
770,770,-846
770,771,398
770,777,344
770,806,2
770,841,2
770,853,70
771,544,2
771,588,9
771,628,3
771,771,-398
771,772,84
771,778,196
771,806,2
771,841,1
771,843,1
771,846,2
771,853,98
772,588,1
772,772,-84
772,773,12
772,779,44
772,853,27
773,628,1
773,773,-12
773,774,2
773,780,8
773,853,1
774,774,-2
774,775,1
774,781,1
775,775,-1
775,782,1
776,544,3
776,588,15
776,628,3
776,734,6
776,776,-847
776,777,384
776,785,382
776,806,4
776,841,1
776,843,1
776,849,1
776,853,47
777,544,4
777,588,25
777,628,6
777,734,12
777,777,-728
777,778,326
777,786,271
777,806,2
777,841,2
777,843,1
777,846,1
777,853,78
778,544,1
778,588,11
778,628,4
778,701,1
778,734,5
778,778,-522
778,779,116
778,787,222
778,806,2
778,853,160
779,544,1
779,588,4
779,628,3
779,734,1
779,779,-160
779,780,29
779,788,68
779,853,54
780,628,2
780,780,-37
780,781,9
780,789,12
780,853,14
781,781,-10
781,782,5
781,790,5
782,588,1
782,782,-6
782,783,2
782,791,2
782,853,1
783,783,-2
783,784,1
783,792,1
784,784,-1
784,793,1
785,544,3
785,588,5
785,734,6
785,785,-382
785,786,153
785,795,190
785,853,25
786,544,6
786,588,12
786,628,4
786,734,2
786,786,-424
786,787,203
786,796,142
786,853,55
787,544,5
787,588,11
787,628,11
787,734,4
787,787,-425
787,788,112
787,797,137
787,806,2
787,841,1
787,853,142
788,544,2
788,588,4
788,628,1
788,734,4
788,788,-180
788,789,43
788,798,73
788,806,1
788,853,52
789,588,2
789,628,2
789,789,-55
789,790,8
789,799,26
789,853,17
790,790,-13
790,791,3
790,800,5
790,853,5
791,588,1
791,791,-5
791,792,1
791,801,2
791,853,1
792,792,-2
792,793,1
792,853,1
793,793,-2
793,794,1
793,803,1
794,794,-1
794,853,1
795,588,1
795,628,1
795,734,1
795,795,-190
795,796,51
795,806,134
795,853,2
796,544,2
796,588,4
796,628,3
796,734,1
796,796,-193
796,797,94
796,806,75
796,841,1
796,843,1
796,853,12
797,544,1
797,588,5
797,628,4
797,666,1
797,734,3
797,797,-231
797,798,57
797,806,57
797,843,2
797,853,101
798,544,1
798,588,6
798,628,5
798,734,3
798,798,-130
798,799,31
798,806,25
798,853,59
799,588,1
799,628,2
799,799,-57
799,800,19
799,806,13
799,853,22
800,588,1
800,734,1
800,800,-24
800,801,8
800,806,3
800,853,11
801,588,1
801,801,-10
801,802,2
801,806,6
801,853,1
802,802,-2
802,853,2
803,803,-1
803,804,1
804,804,-1
804,805,1
805,805,-1
805,853,1
806,806,-2062
806,807,2062
807,544,19
807,628,10
807,666,13
807,701,1
807,734,19
807,768,10
807,806,29
807,807,-2102
807,808,1031
807,814,812
807,843,1
807,847,1
807,851,2
807,855,154
808,544,9
808,628,7
808,666,14
808,734,17
808,768,7
808,806,18
808,808,-1031
808,809,447
808,815,402
808,843,2
808,847,2
808,848,1
808,851,5
808,855,100
809,544,1
809,588,1
809,628,3
809,666,5
809,701,2
809,734,6
809,768,2
809,806,3
809,809,-447
809,810,79
809,816,178
809,847,1
809,848,1
809,851,1
809,855,164
810,544,1
810,734,1
810,768,1
810,806,1
810,810,-79
810,811,31
810,817,25
810,855,19
811,666,1
811,811,-31
811,812,8
811,818,9
811,855,13
812,812,-8
812,813,1
812,819,5
812,855,2
813,813,-1
813,855,1
814,544,5
814,628,3
814,666,8
814,701,1
814,734,4
814,768,1
814,806,7
814,814,-812
814,815,427
814,822,292
814,851,1
814,855,63
815,544,11
815,628,8
815,666,11
815,734,10
815,768,6
815,806,12
815,815,-829
815,816,405
815,823,274
815,843,1
815,847,2
815,849,1
815,851,4
815,855,84
816,544,5
816,628,5
816,666,4
816,667,1
816,734,5
816,768,5
816,806,11
816,816,-583
816,817,111
816,824,244
816,843,1
816,847,1
816,849,1
816,851,2
816,855,187
817,544,1
817,666,3
817,734,2
817,806,5
817,817,-136
817,818,43
817,825,43
817,855,39
818,628,1
818,734,2
818,818,-52
818,819,7
818,826,18
818,855,24
819,666,1
819,806,1
819,819,-12
819,820,1
819,827,5
819,855,4
820,820,-1
820,821,1
821,734,1
821,821,-1
822,544,3
822,628,2
822,666,2
822,701,1
822,734,2
822,768,3
822,806,1
822,822,-292
822,823,149
822,830,113
822,855,16
823,544,6
823,588,1
823,628,2
823,666,4
823,701,1
823,734,2
823,768,4
823,806,6
823,823,-423
823,824,212
823,831,125
823,851,2
823,855,58
824,544,6
824,628,1
824,666,9
824,701,2
824,734,4
824,768,4
824,806,3
824,824,-456
824,825,120
824,832,136
824,847,1
824,851,2
824,855,168
825,544,2
825,628,2
825,666,4
825,701,1
825,734,2
825,806,2
825,825,-163
825,826,42
825,833,39
825,847,1
825,855,68
826,544,1
826,588,1
826,666,1
826,734,1
826,806,1
826,826,-60
826,827,15
826,834,16
826,847,1
826,855,23
827,666,1
827,827,-20
827,828,7
827,835,4
827,855,8
828,828,-7
828,829,2
828,836,2
828,855,3
829,768,1
829,829,-2
829,855,1
830,544,1
830,666,1
830,806,42
830,830,-113
830,831,66
830,855,3
831,544,6
831,666,5
831,701,1
831,734,1
831,768,1
831,806,48
831,831,-191
831,832,100
831,855,29
832,544,4
832,628,4
832,701,1
832,734,7
832,768,2
832,806,53
832,832,-236
832,833,85
832,843,1
832,855,79
833,544,2
833,628,1
833,666,1
833,734,3
833,806,32
833,833,-124
833,834,31
833,855,54
834,734,2
834,806,8
834,834,-47
834,835,20
834,851,1
834,855,16
835,628,2
835,666,1
835,806,4
835,835,-24
835,836,8
835,851,1
835,855,8
836,628,2
836,806,2
836,836,-10
836,837,2
836,843,1
836,855,3
837,837,-2
837,838,2
838,838,-2
838,839,2
839,839,-2
839,840,2
840,628,1
840,840,-2
840,855,1
841,841,-17562
841,842,17562
843,843,-7526
843,844,7526
845,845,-4181
845,846,4181
847,847,-3311
847,848,3311
849,849,-1689
849,850,1689
851,851,-1463
851,852,1463
853,853,-1165
853,854,1165
855,855,-1258
855,856,1258
