  [1] 0.46302245 0.00000000 0.00000000 0.00000000 0.00000000 0.00000000
  [7] 0.00000000 0.00000000 0.00000000 0.00000000 0.00000000 0.00000000
 [13] 0.00000000 0.00000000 0.00000000 0.00000000 0.46302245 0.42854117
 [19] 0.38316217 0.00000000 0.49851467 0.45443360 0.40316093 0.00000000
 [25] 0.56674160 0.50291113 0.44095825 0.00000000 0.71078133 0.61146949
 [31] 0.52149923 0.00000000 0.77494175 0.00000000 0.00000000 0.00000000
 [37] 0.00000000 0.00000000 0.00000000 0.00000000 0.00000000 0.00000000
 [43] 0.00000000 0.00000000 0.00000000 0.00000000 0.00000000 0.00000000
 [49] 0.77494175 0.72855107 0.68614028 0.00000000 0.81054740 0.74716091
 [55] 0.69874306 0.00000000 0.85978921 0.78300508 0.72904646 0.00000000
 [61] 0.93489966 0.86913960 0.79655257 0.00000000 0.99980789 0.00000000
 [67] 0.00000000 0.00000000 0.00000000 0.00000000 0.00000000 0.00000000
 [73] 0.00000000 0.00000000 0.00000000 0.00000000 0.00000000 0.00000000
 [79] 0.00000000 0.00000000 0.99980789 0.95700145 0.85874747 0.00000000
 [85] 1.04494312 0.96802863 0.89859059 0.00000000 1.09188371 1.03977889
 [91] 0.95962116 0.00000000 1.22704184 1.12886740 0.99069126 0.00000000
 [97] 1.24804967 0.00000000 0.00000000 0.00000000 0.00000000 0.00000000
[103] 0.00000000 0.00000000 0.00000000 0.00000000 0.00000000 0.00000000
[109] 0.00000000 0.00000000 0.00000000 0.00000000 1.24804967 1.18926131
[115] 1.10979016 0.00000000 1.27096000 1.22230068 1.14691808 0.00000000
[121] 1.35540617 1.23706822 1.17578964 0.00000000 1.39692204 1.35344837
[127] 1.25535884 0.00000000 1.11092800 0.00000000 0.00000000 0.00000000
[133] 0.00000000 0.00000000 0.00000000 0.00000000 0.00000000 0.00000000
[139] 0.00000000 0.00000000 0.00000000 0.00000000 0.00000000 0.00000000
[145] 1.11092800 1.06428872 1.02143641 0.00000000 1.16322972 1.08828342
[151] 1.01897701 0.00000000 1.22458835 1.12411639 1.05887825 0.00000000
[157] 1.38803669 1.28751821 1.12457230 0.00000000 1.43452167 0.00000000
[163] 0.00000000 0.00000000 0.00000000 0.00000000 0.00000000 0.00000000
[169] 0.00000000 0.00000000 0.00000000 0.00000000 0.00000000 0.00000000
[175] 0.00000000 0.00000000 1.43452167 1.35870331 1.32090004 0.00000000
[181] 1.48816859 1.39524664 1.30344116 0.00000000 1.55950381 1.46098815
[187] 1.38468819 0.00000000 1.73564068 1.63135929 1.47912294 0.00000000
[193] 1.61863417 0.00000000 0.00000000 0.00000000 0.00000000 0.00000000
[199] 0.00000000 0.00000000 0.00000000 0.00000000 0.00000000 0.00000000
[205] 0.00000000 0.00000000 0.00000000 0.00000000 1.61863417 1.54458337
[211] 1.39862169 0.00000000 1.64741685 1.59590430 1.43684120 0.00000000
[217] 1.74891741 1.64577372 1.52347504 0.00000000 1.86142107 1.77253074
[223] 1.61685952 0.00000000 1.89027488 0.00000000 0.00000000 0.00000000
[229] 0.00000000 0.00000000 0.00000000 0.00000000 0.00000000 0.00000000
[235] 0.00000000 0.00000000 0.00000000 0.00000000 0.00000000 0.00000000
[241] 1.89027488 1.75283755 1.57723822 0.00000000 2.05576993 1.87040094
[247] 1.56589497 0.00000000 1.91831691 1.90516614 1.64279787 0.00000000
[253] 1.93703342 1.90094853 1.82171584 0.00000000 0.26019249 0.00000000
[259] 0.00000000 0.00000000 0.00000000 0.00000000 0.00000000 0.00000000
[265] 0.00000000 0.00000000 0.00000000 0.00000000 0.00000000 0.00000000
[271] 0.00000000 0.00000000 0.26019249 0.23276987 0.19708433 0.00000000
[277] 0.29033270 0.25271436 0.21066805 0.00000000 0.34895807 0.29170923
[283] 0.23943610 0.00000000 0.46174902 0.38532113 0.29953818 0.00000000
[289] 0.48061087 0.00000000 0.00000000 0.00000000 0.00000000 0.00000000
[295] 0.00000000 0.00000000 0.00000000 0.00000000 0.00000000 0.00000000
[301] 0.00000000 0.00000000 0.00000000 0.00000000 0.48061087 0.44169509
[307] 0.39219807 0.00000000 0.50984602 0.46189032 0.40466829 0.00000000
[313] 0.56029898 0.50375872 0.42783553 0.00000000 0.63753166 0.57612386
[319] 0.50296981 0.00000000 0.65712260 0.00000000 0.00000000 0.00000000
[325] 0.00000000 0.00000000 0.00000000 0.00000000 0.00000000 0.00000000
[331] 0.00000000 0.00000000 0.00000000 0.00000000 0.00000000 0.00000000
[337] 0.65712260 0.60259692 0.54454783 0.00000000 0.69758096 0.63854387
[343] 0.54951440 0.00000000 0.75873114 0.67768423 0.59931571 0.00000000
[349] 0.84125295 0.73284878 0.66236253 0.00000000 0.81799200 0.00000000
[355] 0.00000000 0.00000000 0.00000000 0.00000000 0.00000000 0.00000000
[361] 0.00000000 0.00000000 0.00000000 0.00000000 0.00000000 0.00000000
[367] 0.00000000 0.00000000 0.81819181 0.75678963 0.68345009 0.00000000
[373] 0.85803074 0.79121007 0.70447939 0.00000000 0.88948115 0.83568860
[379] 0.76456895 0.00000000 0.93664947 0.93436124 0.85825940 0.00000000
[385] 0.80742599 0.00000000 0.00000000 0.00000000 0.00000000 0.00000000
[391] 0.00000000 0.00000000 0.00000000 0.00000000 0.00000000 0.00000000
[397] 0.00000000 0.00000000 0.00000000 0.00000000 0.80742599 0.73422352
[403] 0.64444173 0.00000000 0.85349962 0.78072927 0.68722757 0.00000000
[409] 0.92185995 0.84788858 0.70395314 0.00000000 1.03913129 0.92920325
[415] 0.76281107 0.00000000 0.98982817 0.00000000 0.00000000 0.00000000
[421] 0.00000000 0.00000000 0.00000000 0.00000000 0.00000000 0.00000000
[427] 0.00000000 0.00000000 0.00000000 0.00000000 0.00000000 0.00000000
[433] 0.98982817 0.91632600 0.82249693 0.00000000 1.02507403 0.95885260
[439] 0.87824226 0.00000000 1.07946771 0.97771905 0.89286336 0.00000000
[445] 1.12936306 1.04862525 0.97838660 0.00000000 1.15423951 0.00000000
[451] 0.00000000 0.00000000 0.00000000 0.00000000 0.00000000 0.00000000
[457] 0.00000000 0.00000000 0.00000000 0.00000000 0.00000000 0.00000000
[463] 0.00000000 0.00000000 1.15423951 1.07807715 0.95467835 0.00000000
[469] 1.21084718 1.12202063 1.03003159 0.00000000 1.23038792 1.13415025
[475] 1.09236223 0.00000000 1.24953912 1.19401411 1.12426252 0.00000000
[481] 1.27399753 0.00000000 0.00000000 0.00000000 0.00000000 0.00000000
[487] 0.00000000 0.00000000 0.00000000 0.00000000 0.00000000 0.00000000
[493] 0.00000000 0.00000000 0.00000000 0.00000000 1.27399753 1.18345622
[499] 1.06419133 0.00000000 1.29890725 1.23730507 1.15648714 0.00000000
[505] 1.28124163 1.24915603 1.17967119 0.00000000 1.23469859 1.20884843
[511] 1.16857867 0.00000000 0.10289371 0.00000000 0.00000000 0.00000000
[517] 0.00000000 0.00000000 0.00000000 0.00000000 0.00000000 0.00000000
[523] 0.00000000 0.00000000 0.00000000 0.00000000 0.00000000 0.00000000
[529] 0.10289371 0.08461305 0.05870671 0.00000000 0.12086036 0.09713037
[535] 0.06681322 0.00000000 0.15569737 0.11941191 0.08531042 0.00000000
[541] 0.22035051 0.16840125 0.12097798 0.00000000 0.22176018 0.00000000
[547] 0.00000000 0.00000000 0.00000000 0.00000000 0.00000000 0.00000000
[553] 0.00000000 0.00000000 0.00000000 0.00000000 0.00000000 0.00000000
[559] 0.00000000 0.00000000 0.22176018 0.18161935 0.13218793 0.00000000
[565] 0.24776937 0.20636477 0.15773714 0.00000000 0.27989297 0.23517620
[571] 0.18173641 0.00000000 0.33036702 0.27961810 0.22593976 0.00000000
[577] 0.33193059 0.00000000 0.00000000 0.00000000 0.00000000 0.00000000
[583] 0.00000000 0.00000000 0.00000000 0.00000000 0.00000000 0.00000000
[589] 0.00000000 0.00000000 0.00000000 0.00000000 0.33193059 0.27355877
[595] 0.20223037 0.00000000 0.37222879 0.30309040 0.22047501 0.00000000
[601] 0.42052739 0.33975019 0.25561277 0.00000000 0.49605728 0.40086091
[607] 0.31347757 0.00000000 0.41345799 0.00000000 0.00000000 0.00000000
[613] 0.00000000 0.00000000 0.00000000 0.00000000 0.00000000 0.00000000
[619] 0.00000000 0.00000000 0.00000000 0.00000000 0.00000000 0.00000000
[625] 0.41345799 0.37166699 0.25981361 0.00000000 0.44534500 0.39149528
[631] 0.31967104 0.00000000 0.50022061 0.44063698 0.34625132 0.00000000
[637] 0.55012255 0.50310554 0.41990715 0.00000000 0.36558710 0.00000000
[643] 0.00000000 0.00000000 0.00000000 0.00000000 0.00000000 0.00000000
[649] 0.00000000 0.00000000 0.00000000 0.00000000 0.00000000 0.00000000
[655] 0.00000000 0.00000000 0.36558710 0.31946198 0.24503684 0.00000000
[661] 0.38772865 0.32837809 0.24611474 0.00000000 0.44781681 0.37681408
[667] 0.29490275 0.00000000 0.50908156 0.42097943 0.34777116 0.00000000
[673] 0.48539778 0.00000000 0.00000000 0.00000000 0.00000000 0.00000000
[679] 0.00000000 0.00000000 0.00000000 0.00000000 0.00000000 0.00000000
[685] 0.00000000 0.00000000 0.00000000 0.00000000 0.48539778 0.41514670
[691] 0.30222318 0.00000000 0.51112022 0.42442047 0.35938834 0.00000000
[697] 0.58912056 0.49080310 0.40909312 0.00000000 0.55777187 0.52121679
[703] 0.44009252 0.00000000 0.58549055 0.00000000 0.00000000 0.00000000
[709] 0.00000000 0.00000000 0.00000000 0.00000000 0.00000000 0.00000000
[715] 0.00000000 0.00000000 0.00000000 0.00000000 0.00000000 0.00000000
[721] 0.58549055 0.47529907 0.34799353 0.00000000 0.65675616 0.51935289
[727] 0.38356009 0.00000000 0.72473329 0.57040557 0.36873025 0.00000000
[733] 0.75689171 0.65072402 0.45975643 0.00000000 0.61316322 0.00000000
[739] 0.00000000 0.00000000 0.00000000 0.00000000 0.00000000 0.00000000
[745] 0.00000000 0.00000000 0.00000000 0.00000000 0.00000000 0.00000000
[751] 0.00000000 0.00000000 0.61316322 0.52577553 0.46847455 0.00000000
[757] 0.68742079 0.54644515 0.42628865 0.00000000 0.79292975 0.61107494
[763] 0.52110006 0.00000000 0.79941278 0.74606951 0.69439615 0.00000000
[1] 2.05577
