                 [,1]
   [1,]  1.596725e-16
   [2,]  1.332268e-15
   [3,]  0.000000e+00
   [4,]  1.965331e-15
   [5,]  4.060244e-15
   [6,]  8.881784e-16
   [7,]  0.000000e+00
   [8,] -1.058255e-15
   [9,]  6.197215e-15
  [10,] -1.960118e-15
  [11,]  0.000000e+00
  [12,] -1.268826e-16
  [13,] -8.881784e-16
  [14,] -4.229421e-15
  [15,]  0.000000e+00
  [16,] -3.095181e+00
  [17,]  4.359540e-02
  [18,]  1.586908e-02
  [19,]  0.000000e+00
  [20,]  6.416382e-02
  [21,]  5.237358e-02
  [22,]  1.795231e-02
  [23,]  0.000000e+00
  [24,]  8.453237e-02
  [25,]  5.745140e-02
  [26,]  2.139906e-02
  [27,]  0.000000e+00
  [28,]  1.190476e-02
  [29,]  4.008016e-02
  [30,]  2.645253e-02
  [31,]  0.000000e+00
  [32,]  1.143947e-14
  [33,] -5.266257e-16
  [34,]  0.000000e+00
  [35,]  0.000000e+00
  [36,]  1.205638e-14
  [37,] -3.097871e-16
  [38,] -2.298815e-15
  [39,]  0.000000e+00
  [40,]  0.000000e+00
  [41,]  6.459479e-15
  [42,]  0.000000e+00
  [43,]  0.000000e+00
  [44,]  0.000000e+00
  [45,] -7.105427e-16
  [46,]  3.996803e-15
  [47,]  0.000000e+00
  [48,] -1.793209e+00
  [49,]  1.155534e-01
  [50,] -5.714056e-01
  [51,]  0.000000e+00
  [52,]  1.600473e-01
  [53,]  1.312626e-01
  [54,]  5.577331e-02
  [55,]  0.000000e+00
  [56,]  2.226976e-01
  [57,]  1.774514e-01
  [58,]  6.223408e-02
  [59,]  0.000000e+00
  [60,]  5.674697e-02
  [61,]  9.989491e-02
  [62,]  6.490658e-02
  [63,]  0.000000e+00
  [64,]  3.216162e-14
  [65,] -2.600346e-15
  [66,] -6.481302e-16
  [67,]  0.000000e+00
  [68,] -2.325413e-14
  [69,] -1.599963e-14
  [70,] -7.404079e-16
  [71,]  0.000000e+00
  [72,]  8.821231e-16
  [73,] -9.702584e-15
  [74,] -4.339633e-15
  [75,]  0.000000e+00
  [76,]  0.000000e+00
  [77,]  3.947460e-15
  [78,]  0.000000e+00
  [79,]  0.000000e+00
  [80,] -2.102723e+00
  [81,]  1.886276e-01
  [82,]  8.395461e-02
  [83,]  0.000000e+00
  [84,]  2.426662e-01
  [85,]  2.721024e-01
  [86,]  1.135919e-01
  [87,]  0.000000e+00
  [88,]  3.391374e-01
  [89,]  2.784700e-01
  [90,]  1.350287e-01
  [91,]  0.000000e+00
  [92,]  5.707763e-02
  [93,]  1.531205e-01
  [94,]  1.287726e-01
  [95,]  0.000000e+00
  [96,]  6.101534e-15
  [97,] -6.732426e-16
  [98,] -2.370092e-15
  [99,]  0.000000e+00
 [100,]  3.988648e-15
 [101,]  3.383161e-15
 [102,]  1.833484e-15
 [103,]  0.000000e+00
 [104,]  3.229740e-16
 [105,]  0.000000e+00
 [106,] -6.231907e-16
 [107,]  0.000000e+00
 [108,]  0.000000e+00
 [109,]  0.000000e+00
 [110,]  6.513308e-16
 [111,]  0.000000e+00
 [112,] -1.314087e+00
 [113,]  3.266025e-01
 [114,]  1.660168e-01
 [115,]  0.000000e+00
 [116,]  3.715370e-01
 [117,]  3.614014e-01
 [118,]  1.527366e-01
 [119,]  0.000000e+00
 [120,]  5.951383e-01
 [121,]  4.218208e-01
 [122,]  1.677138e-01
 [123,]  0.000000e+00
 [124,]  6.737589e-02
 [125,]  2.473118e-01
 [126,]  1.500000e-01
 [127,]  0.000000e+00
 [128,]  0.000000e+00
 [129,]  0.000000e+00
 [130,]  0.000000e+00
 [131,]  0.000000e+00
 [132,] -7.062233e-15
 [133,]  0.000000e+00
 [134,]  0.000000e+00
 [135,]  0.000000e+00
 [136,]  0.000000e+00
 [137,]  0.000000e+00
 [138,]  0.000000e+00
 [139,]  0.000000e+00
 [140,]  0.000000e+00
 [141,]  0.000000e+00
 [142,]  0.000000e+00
 [143,]  0.000000e+00
 [144,] -2.358133e+00
 [145,]  7.110837e-01
 [146,]  3.005290e-01
 [147,]  0.000000e+00
 [148,]  7.105263e-01
 [149,]  8.478261e-01
 [150,]  3.666667e-01
 [151,]  0.000000e+00
 [152,]  7.203237e-01
 [153,]  5.909091e-01
 [154,]  4.114785e-01
 [155,]  0.000000e+00
 [156,]  1.666667e-01
 [157,]  3.461538e-01
 [158,]  2.929873e-01
 [159,]  0.000000e+00
 [160,] -9.958664e-15
 [161,] -1.176302e-16
 [162,]  2.625879e-15
 [163,]  0.000000e+00
 [164,]  2.369654e-15
 [165,]  1.213122e-14
 [166,]  5.144192e-16
 [167,]  0.000000e+00
 [168,]  0.000000e+00
 [169,]  0.000000e+00
 [170,]  7.864517e-15
 [171,]  0.000000e+00
 [172,]  0.000000e+00
 [173,]  0.000000e+00
 [174,] -2.131628e-15
 [175,]  0.000000e+00
 [176,] -9.139690e-01
 [177,]  8.956097e-01
 [178,]  4.113635e-01
 [179,]  0.000000e+00
 [180,]  8.010319e-01
 [181,]  9.248109e-01
 [182,]  4.939100e-01
 [183,]  0.000000e+00
 [184,]  8.000000e-01
 [185,]  1.075005e+00
 [186,]  4.845093e-01
 [187,]  0.000000e+00
 [188,]  1.736111e-01
 [189,]  4.230769e-01
 [190,]  3.827165e-01
 [191,]  0.000000e+00
 [192,]  0.000000e+00
 [193,]  0.000000e+00
 [194,]  0.000000e+00
 [195,]  0.000000e+00
 [196,]  0.000000e+00
 [197,]  2.464695e-15
 [198,]  0.000000e+00
 [199,]  0.000000e+00
 [200,]  0.000000e+00
 [201,]  0.000000e+00
 [202,]  0.000000e+00
 [203,]  0.000000e+00
 [204,]  0.000000e+00
 [205,]  0.000000e+00
 [206,]  0.000000e+00
 [207,]  0.000000e+00
 [208,] -1.093502e+00
 [209,]  8.750000e-01
 [210,]  5.585105e-01
 [211,]  0.000000e+00
 [212,]  8.958333e-01
 [213,]  8.615385e-01
 [214,]  5.392694e-01
 [215,]  0.000000e+00
 [216,]  1.100000e+00
 [217,]  1.121701e+00
 [218,]  6.503425e-01
 [219,]  0.000000e+00
 [220,]  1.666667e-01
 [221,]  5.750000e-01
 [222,]  3.589744e-01
 [223,]  0.000000e+00
 [224,]  2.220446e-16
 [225,]  1.184238e-15
 [226,]  0.000000e+00
 [227,]  0.000000e+00
 [228,]  1.020348e-15
 [229,] -1.105969e-15
 [230,]  7.612958e-16
 [231,]  0.000000e+00
 [232,]  0.000000e+00
 [233,]  5.921189e-16
 [234,]  0.000000e+00
 [235,]  0.000000e+00
 [236,]  0.000000e+00
 [237,]  2.960595e-16
 [238,]  0.000000e+00
 [239,]  0.000000e+00
 [240,] -2.445914e-01
 [241,]  1.257576e+00
 [242,]  5.712766e-01
 [243,]  0.000000e+00
 [244,]  1.174428e+00
 [245,]  1.074462e+00
 [246,]  4.387755e-01
 [247,]  0.000000e+00
 [248,]  7.368421e-01
 [249,]  1.035714e+00
 [250,]  6.412586e-01
 [251,]  0.000000e+00
 [252,]  1.000000e+00
 [253,]  9.354839e-01
 [254,]  7.968750e-01
 [255,]  0.000000e+00
 [256,]  2.441597e-14
 [257,]  3.351617e-14
 [258,]  3.248195e-15
 [259,]  0.000000e+00
 [260,] -5.732109e-15
 [261,] -1.578984e-14
 [262,]  6.746567e-15
 [263,]  0.000000e+00
 [264,]  9.280558e-15
 [265,]  1.241957e-14
 [266,] -1.821904e-15
 [267,]  0.000000e+00
 [268,] -4.440892e-16
 [269,] -5.368545e-15
 [270,]  5.465713e-15
 [271,]  0.000000e+00
 [272,] -3.079411e+00
 [273,]  3.731081e-02
 [274,] -1.102772e-01
 [275,]  0.000000e+00
 [276,]  5.862069e-02
 [277,]  4.943244e-02
 [278,]  1.918605e-02
 [279,]  0.000000e+00
 [280,]  6.430446e-02
 [281,]  7.291667e-02
 [282,]  2.249567e-02
 [283,]  0.000000e+00
 [284,]  4.672897e-03
 [285,]  3.082192e-02
 [286,]  2.495734e-02
 [287,]  0.000000e+00
 [288,]  0.000000e+00
 [289,]  1.263886e-14
 [290,] -9.526381e-01
 [291,]  0.000000e+00
 [292,] -5.339460e-16
 [293,] -2.368476e-15
 [294,]  2.260118e-15
 [295,]  0.000000e+00
 [296,]  6.204831e-16
 [297,] -5.465112e-15
 [298,] -7.694666e-16
 [299,]  0.000000e+00
 [300,]  0.000000e+00
 [301,] -6.713992e-17
 [302,]  1.184238e-16
 [303,]  0.000000e+00
 [304,] -1.779954e+00
 [305,]  1.300666e-01
 [306,]  4.736192e-02
 [307,]  0.000000e+00
 [308,]  1.856961e-01
 [309,]  1.282907e-01
 [310,]  4.722669e-02
 [311,]  0.000000e+00
 [312,]  1.791293e-01
 [313,]  1.447978e-01
 [314,]  7.176664e-02
 [315,]  0.000000e+00
 [316,]  2.014396e-02
 [317,]  7.783152e-02
 [318,]  6.993954e-02
 [319,]  0.000000e+00
 [320,]  0.000000e+00
 [321,] -3.591225e-14
 [322,] -2.606728e-15
 [323,]  0.000000e+00
 [324,] -2.056561e-15
 [325,]  1.125026e-14
 [326,] -9.600835e-15
 [327,]  0.000000e+00
 [328,] -1.232692e-15
 [329,] -6.003613e-15
 [330,]  1.895444e-15
 [331,]  0.000000e+00
 [332,]  0.000000e+00
 [333,]  6.695625e-15
 [334,] -9.754021e-16
 [335,]  0.000000e+00
 [336,] -1.874205e+00
 [337,]  2.770785e-01
 [338,]  5.189222e-02
 [339,]  0.000000e+00
 [340,]  3.344698e-01
 [341,]  3.314534e-01
 [342,]  1.341246e-01
 [343,]  0.000000e+00
 [344,]  3.938810e-01
 [345,]  2.931788e-01
 [346,]  1.459372e-01
 [347,]  0.000000e+00
 [348,]  1.861163e-02
 [349,]  1.271377e-01
 [350,]  9.722091e-02
 [351,]  0.000000e+00
 [352,] -3.636014e-15
 [353,] -2.440506e-15
 [354,] -1.041991e-15
 [355,]  0.000000e+00
 [356,]  6.833626e-16
 [357,]  1.971805e-15
 [358,]  3.855145e-16
 [359,]  0.000000e+00
 [360,] -7.556882e-16
 [361,] -2.400942e-15
 [362,]  7.620986e-15
 [363,]  0.000000e+00
 [364,]  0.000000e+00
 [365,] -1.290622e-15
 [366,] -4.325389e-15
 [367,]  0.000000e+00
 [368,] -1.120595e+00
 [369,]  4.078527e-01
 [370,]  1.090276e-01
 [371,]  0.000000e+00
 [372,]  4.540383e-01
 [373,]  4.149941e-01
 [374,]  1.826871e-01
 [375,]  0.000000e+00
 [376,]  5.061915e-01
 [377,]  4.003066e-01
 [378,]  1.873130e-01
 [379,]  0.000000e+00
 [380,]  1.515152e-01
 [381,]  2.615306e-01
 [382,]  1.914410e-01
 [383,]  0.000000e+00
 [384,]  0.000000e+00
 [385,]  0.000000e+00
 [386,]  2.665242e-15
 [387,]  0.000000e+00
 [388,]  0.000000e+00
 [389,]  0.000000e+00
 [390,]  0.000000e+00
 [391,]  0.000000e+00
 [392,]  0.000000e+00
 [393,]  0.000000e+00
 [394,]  0.000000e+00
 [395,]  0.000000e+00
 [396,]  0.000000e+00
 [397,]  0.000000e+00
 [398,]  0.000000e+00
 [399,]  0.000000e+00
 [400,] -2.020444e+00
 [401,]  7.631268e-01
 [402,]  3.149124e-01
 [403,]  0.000000e+00
 [404,]  7.294849e-01
 [405,]  6.258239e-01
 [406,]  3.597139e-01
 [407,]  0.000000e+00
 [408,]  8.014078e-01
 [409,]  7.535282e-01
 [410,]  4.199441e-01
 [411,]  0.000000e+00
 [412,]  1.728395e-01
 [413,]  3.089873e-01
 [414,]  2.469636e-01
 [415,]  0.000000e+00
 [416,]  1.654300e-15
 [417,]  3.855513e-15
 [418,] -5.561890e-16
 [419,]  0.000000e+00
 [420,]  0.000000e+00
 [421,] -1.736064e-15
 [422,]  1.395426e-15
 [423,]  0.000000e+00
 [424,]  0.000000e+00
 [425,]  0.000000e+00
 [426,]  0.000000e+00
 [427,]  0.000000e+00
 [428,]  0.000000e+00
 [429,] -1.071894e-15
 [430,] -8.094791e-16
 [431,]  0.000000e+00
 [432,] -8.691354e-01
 [433,]  7.209608e-01
 [434,] -6.494480e-02
 [435,]  0.000000e+00
 [436,]  6.498829e-01
 [437,]  8.018849e-01
 [438,]  4.155601e-01
 [439,]  0.000000e+00
 [440,]  8.127706e-01
 [441,]  9.206509e-01
 [442,]  4.282438e-01
 [443,]  0.000000e+00
 [444,]  1.666667e-01
 [445,]  4.375274e-01
 [446,]  3.888432e-01
 [447,]  0.000000e+00
 [448,]  0.000000e+00
 [449,]  0.000000e+00
 [450,]  0.000000e+00
 [451,]  0.000000e+00
 [452,]  0.000000e+00
 [453,]  0.000000e+00
 [454,]  0.000000e+00
 [455,]  0.000000e+00
 [456,]  0.000000e+00
 [457,] -8.224740e-16
 [458,]  0.000000e+00
 [459,]  0.000000e+00
 [460,]  0.000000e+00
 [461,]  0.000000e+00
 [462,]  7.067226e-16
 [463,]  0.000000e+00
 [464,] -8.975387e-01
 [465,]  9.550345e-01
 [466,]  3.972793e-01
 [467,]  0.000000e+00
 [468,]  9.757997e-01
 [469,]  1.053588e+00
 [470,]  4.395438e-01
 [471,]  0.000000e+00
 [472,]  9.657545e-01
 [473,]  1.145575e+00
 [474,]  5.163125e-01
 [475,]  0.000000e+00
 [476,]  3.076923e-02
 [477,]  5.376344e-01
 [478,]  4.389140e-01
 [479,]  0.000000e+00
 [480,]  0.000000e+00
 [481,]  0.000000e+00
 [482,]  0.000000e+00
 [483,]  0.000000e+00
 [484,]  0.000000e+00
 [485,]  0.000000e+00
 [486,] -1.289409e-15
 [487,]  0.000000e+00
 [488,]  0.000000e+00
 [489,]  1.291896e-15
 [490,]  0.000000e+00
 [491,]  0.000000e+00
 [492,]  1.480297e-16
 [493,] -1.941830e-16
 [494,]  0.000000e+00
 [495,]  0.000000e+00
 [496,] -3.648889e-01
 [497,]  9.835642e-01
 [498,]  4.220452e-01
 [499,]  0.000000e+00
 [500,]  9.444444e-01
 [501,]  1.087665e+00
 [502,]  5.245750e-01
 [503,]  0.000000e+00
 [504,]  1.100000e+00
 [505,]  1.197531e+00
 [506,]  6.016080e-01
 [507,]  0.000000e+00
 [508,]  1.038462e+00
 [509,]  9.323884e-01
 [510,]  9.417989e-01
 [511,]  0.000000e+00
 [512,]  7.050347e-15
 [513,]  2.688540e-15
 [514,] -1.268826e-16
 [515,]  0.000000e+00
 [516,]  2.977512e-15
 [517,]  3.725176e-15
 [518,]  3.552714e-16
 [519,]  0.000000e+00
 [520,]  2.260818e-15
 [521,]  2.368476e-15
 [522,] -1.027291e-15
 [523,]  0.000000e+00
 [524,]  1.480297e-16
 [525,]  1.733031e-16
 [526,] -3.691131e-14
 [527,]  0.000000e+00
 [528,] -3.121102e+00
 [529,]  3.482353e-02
 [530,]  1.156547e-02
 [531,]  0.000000e+00
 [532,]  6.748072e-02
 [533,]  5.051496e-02
 [534,]  1.953602e-02
 [535,]  0.000000e+00
 [536,]  6.666667e-02
 [537,]  6.166008e-02
 [538,]  2.055982e-02
 [539,]  0.000000e+00
 [540,]  1.477833e-02
 [541,]  3.303787e-02
 [542,]  1.893287e-02
 [543,]  0.000000e+00
 [544,] -6.342591e-15
 [545,]  7.129050e-16
 [546,]  3.330669e-15
 [547,]  0.000000e+00
 [548,] -1.201363e-15
 [549,]  2.450147e-16
 [550,]  2.451809e-16
 [551,]  0.000000e+00
 [552,]  2.537653e-15
 [553,]  0.000000e+00
 [554,]  3.574353e-15
 [555,]  0.000000e+00
 [556,]  0.000000e+00
 [557,] -3.646206e-16
 [558,]  6.899539e-15
 [559,]  0.000000e+00
 [560,] -1.160583e+00
 [561,]  1.265400e-01
 [562,]  4.071263e-02
 [563,]  0.000000e+00
 [564,]  1.609550e-01
 [565,]  1.608767e-01
 [566,]  5.439192e-02
 [567,]  0.000000e+00
 [568,]  1.907122e-01
 [569,]  1.357997e-01
 [570,]  6.655345e-02
 [571,]  0.000000e+00
 [572,]  4.443859e-02
 [573,]  7.550790e-02
 [574,]  7.029627e-02
 [575,]  0.000000e+00
 [576,]  1.494480e-14
 [577,] -2.771015e-15
 [578,] -4.365195e-15
 [579,]  0.000000e+00
 [580,]  4.588866e-15
 [581,] -7.255708e-15
 [582,]  0.000000e+00
 [583,]  0.000000e+00
 [584,] -5.605433e-15
 [585,] -5.525764e-15
 [586,] -6.191724e-15
 [587,]  0.000000e+00
 [588,]  0.000000e+00
 [589,] -2.553513e-15
 [590,]  9.668766e-15
 [591,]  0.000000e+00
 [592,] -1.654473e+00
 [593,]  3.009400e-01
 [594,]  1.018079e-01
 [595,]  0.000000e+00
 [596,]  3.754996e-01
 [597,]  3.738801e-01
 [598,]  1.352379e-01
 [599,]  0.000000e+00
 [600,]  2.751971e-01
 [601,]  3.068052e-01
 [602,]  1.622040e-01
 [603,]  0.000000e+00
 [604,]  7.011429e-03
 [605,]  1.580135e-01
 [606,]  1.269969e-01
 [607,]  0.000000e+00
 [608,]  0.000000e+00
 [609,]  6.734912e-16
 [610,]  2.928409e-15
 [611,]  0.000000e+00
 [612,]  3.026377e-15
 [613,]  1.817280e-15
 [614,]  1.636246e-15
 [615,]  0.000000e+00
 [616,]  2.186136e-15
 [617,] -3.927880e-16
 [618,]  1.562143e-15
 [619,]  0.000000e+00
 [620,]  0.000000e+00
 [621,]  0.000000e+00
 [622,] -7.369736e-15
 [623,]  0.000000e+00
 [624,] -8.814745e-01
 [625,]  3.775593e-01
 [626,]  1.033358e-01
 [627,]  0.000000e+00
 [628,]  3.998965e-01
 [629,]  4.298236e-01
 [630,]  1.861607e-01
 [631,]  0.000000e+00
 [632,]  4.822496e-01
 [633,]  3.596917e-01
 [634,]  2.630945e-01
 [635,]  0.000000e+00
 [636,]  6.623125e-02
 [637,]  2.227843e-01
 [638,]  1.961326e-01
 [639,]  0.000000e+00
 [640,]  0.000000e+00
 [641,]  0.000000e+00
 [642,]  0.000000e+00
 [643,]  0.000000e+00
 [644,]  0.000000e+00
 [645,]  6.421569e-15
 [646,]  0.000000e+00
 [647,]  0.000000e+00
 [648,]  0.000000e+00
 [649,]  0.000000e+00
 [650,]  0.000000e+00
 [651,]  0.000000e+00
 [652,]  0.000000e+00
 [653,]  0.000000e+00
 [654,]  0.000000e+00
 [655,]  0.000000e+00
 [656,] -2.073642e+00
 [657,]  3.490283e-01
 [658,]  1.465671e-01
 [659,]  0.000000e+00
 [660,]  3.993063e-01
 [661,]  3.900114e-01
 [662,]  1.572643e-01
 [663,]  0.000000e+00
 [664,]  3.866667e-01
 [665,]  4.154941e-01
 [666,]  2.237713e-01
 [667,]  0.000000e+00
 [668,]  2.366864e-02
 [669,]  1.977401e-01
 [670,]  1.574803e-01
 [671,]  0.000000e+00
 [672,]  5.735517e-16
 [673,] -6.949364e-16
 [674,] -1.000000e+00
 [675,]  0.000000e+00
 [676,] -2.761957e-15
 [677,]  0.000000e+00
 [678,] -2.062870e-15
 [679,]  0.000000e+00
 [680,]  0.000000e+00
 [681,]  1.613579e-15
 [682,]  0.000000e+00
 [683,]  0.000000e+00
 [684,]  0.000000e+00
 [685,]  0.000000e+00
 [686,] -2.186285e-15
 [687,]  0.000000e+00
 [688,] -8.551735e-01
 [689,]  4.243901e-01
 [690,]  2.070275e-01
 [691,]  0.000000e+00
 [692,]  6.806821e-01
 [693,]  5.170709e-01
 [694,]  2.239493e-01
 [695,]  0.000000e+00
 [696,]  4.092627e-01
 [697,]  4.550407e-01
 [698,]  2.529938e-01
 [699,]  0.000000e+00
 [700,]  9.121989e-02
 [701,]  2.403846e-01
 [702,]  2.638889e-01
 [703,]  0.000000e+00
 [704,]  0.000000e+00
 [705,]  0.000000e+00
 [706,]  0.000000e+00
 [707,]  0.000000e+00
 [708,]  0.000000e+00
 [709,]  0.000000e+00
 [710,]  0.000000e+00
 [711,]  0.000000e+00
 [712,]  0.000000e+00
 [713,]  0.000000e+00
 [714,]  0.000000e+00
 [715,]  0.000000e+00
 [716,]  0.000000e+00
 [717,]  0.000000e+00
 [718,]  0.000000e+00
 [719,]  0.000000e+00
 [720,] -1.252356e+00
 [721,]  7.209388e-01
 [722,]  2.622951e-01
 [723,]  0.000000e+00
 [724,]  6.164624e-01
 [725,]  7.260550e-01
 [726,]  2.885876e-01
 [727,]  0.000000e+00
 [728,]  8.554667e-01
 [729,]  6.326726e-01
 [730,]  3.302760e-01
 [731,]  0.000000e+00
 [732,]  2.051282e-02
 [733,]  2.184874e-01
 [734,]  2.418301e-01
 [735,]  0.000000e+00
 [736,]  0.000000e+00
 [737,]  0.000000e+00
 [738,]  0.000000e+00
 [739,]  0.000000e+00
 [740,]  0.000000e+00
 [741,]  0.000000e+00
 [742,]  0.000000e+00
 [743,]  0.000000e+00
 [744,]  0.000000e+00
 [745,]  0.000000e+00
 [746,]  0.000000e+00
 [747,]  0.000000e+00
 [748,]  0.000000e+00
 [749,]  0.000000e+00
 [750,]  0.000000e+00
 [751,]  0.000000e+00
 [752,] -4.130548e-01
 [753,]  5.808617e-01
 [754,]  2.892132e-01
 [755,]  0.000000e+00
 [756,]  9.059451e-01
 [757,]  8.966232e-01
 [758,]  4.075602e-01
 [759,]  0.000000e+00
 [760,]  6.219889e-01
 [761,]  8.547886e-01
 [762,]  4.090130e-01
 [763,]  0.000000e+00
 [764,]  1.041667e+00
 [765,]  9.577465e-01
 [766,]  6.600791e-01
 [767,]  0.000000e+00
 [768,]  0.000000e+00
 [769,]  0.000000e+00
 [770,]  0.000000e+00
 [771,]  0.000000e+00
 [772,]  0.000000e+00
 [773,]  0.000000e+00
 [774,]  0.000000e+00
 [775,]  0.000000e+00
 [776,]  0.000000e+00
 [777,]  0.000000e+00
 [778,]  0.000000e+00
 [779,]  0.000000e+00
 [780,]  0.000000e+00
 [781,]  0.000000e+00
 [782,]  0.000000e+00
 [783,]  0.000000e+00
 [784,]  0.000000e+00
 [785,]  0.000000e+00
 [786,]  0.000000e+00
 [787,]  0.000000e+00
 [788,]  0.000000e+00
 [789,]  0.000000e+00
 [790,]  0.000000e+00
 [791,]  0.000000e+00
 [792,]  0.000000e+00
 [793,]  0.000000e+00
 [794,]  0.000000e+00
 [795,]  0.000000e+00
 [796,]  0.000000e+00
 [797,]  0.000000e+00
 [798,]  0.000000e+00
 [799,]  0.000000e+00
 [800,]  0.000000e+00
 [801,]  0.000000e+00
 [802,]  0.000000e+00
 [803,]  0.000000e+00
 [804,]  0.000000e+00
 [805,]  0.000000e+00
 [806,]  0.000000e+00
 [807,]  0.000000e+00
 [808,]  0.000000e+00
 [809,]  0.000000e+00
 [810,]  0.000000e+00
 [811,]  0.000000e+00
 [812,]  0.000000e+00
 [813,]  0.000000e+00
 [814,]  0.000000e+00
 [815,]  0.000000e+00
 [816,]  0.000000e+00
 [817,]  0.000000e+00
 [818,]  0.000000e+00
 [819,]  0.000000e+00
 [820,]  0.000000e+00
 [821,]  0.000000e+00
 [822,]  0.000000e+00
 [823,]  0.000000e+00
 [824,]  0.000000e+00
 [825,]  0.000000e+00
 [826,]  0.000000e+00
 [827,]  0.000000e+00
 [828,]  0.000000e+00
 [829,]  0.000000e+00
 [830,]  0.000000e+00
 [831,]  0.000000e+00
 [832,]  0.000000e+00
 [833,]  0.000000e+00
 [834,]  0.000000e+00
 [835,]  0.000000e+00
 [836,]  0.000000e+00
 [837,]  0.000000e+00
 [838,]  0.000000e+00
 [839,]  0.000000e+00
 [840,]  0.000000e+00
 [841,]  0.000000e+00
 [842,]  0.000000e+00
 [843,]  0.000000e+00
 [844,]  0.000000e+00
 [845,]  0.000000e+00
 [846,]  0.000000e+00
 [847,]  0.000000e+00
 [848,]  0.000000e+00
 [849,]  0.000000e+00
 [850,]  0.000000e+00
 [851,]  0.000000e+00
 [852,]  0.000000e+00
 [853,]  0.000000e+00
 [854,]  0.000000e+00
 [855,]  0.000000e+00
 [856,]  0.000000e+00
 [857,]  0.000000e+00
 [858,]  0.000000e+00
 [859,]  0.000000e+00
 [860,]  0.000000e+00
 [861,]  0.000000e+00
 [862,]  0.000000e+00
 [863,]  0.000000e+00
 [864,]  0.000000e+00
 [865,]  0.000000e+00
 [866,]  0.000000e+00
 [867,]  0.000000e+00
 [868,]  0.000000e+00
 [869,]  0.000000e+00
 [870,]  0.000000e+00
 [871,]  0.000000e+00
 [872,]  0.000000e+00
 [873,]  0.000000e+00
 [874,]  0.000000e+00
 [875,]  0.000000e+00
 [876,]  0.000000e+00
 [877,]  0.000000e+00
 [878,]  0.000000e+00
 [879,]  0.000000e+00
 [880,]  0.000000e+00
 [881,]  0.000000e+00
 [882,]  0.000000e+00
 [883,]  0.000000e+00
 [884,]  0.000000e+00
 [885,]  0.000000e+00
 [886,]  0.000000e+00
 [887,]  0.000000e+00
 [888,]  0.000000e+00
 [889,]  0.000000e+00
 [890,]  0.000000e+00
 [891,]  0.000000e+00
 [892,]  0.000000e+00
 [893,]  0.000000e+00
 [894,]  0.000000e+00
 [895,]  0.000000e+00
 [896,]  0.000000e+00
 [897,]  0.000000e+00
 [898,]  0.000000e+00
 [899,]  0.000000e+00
 [900,]  0.000000e+00
 [901,]  0.000000e+00
 [902,]  0.000000e+00
 [903,]  0.000000e+00
 [904,]  0.000000e+00
 [905,]  0.000000e+00
 [906,]  0.000000e+00
 [907,]  0.000000e+00
 [908,]  0.000000e+00
 [909,]  0.000000e+00
 [910,]  0.000000e+00
 [911,]  0.000000e+00
 [912,]  0.000000e+00
 [913,]  0.000000e+00
 [914,]  0.000000e+00
 [915,]  0.000000e+00
 [916,]  0.000000e+00
 [917,]  0.000000e+00
 [918,]  0.000000e+00
 [919,]  0.000000e+00
 [920,]  0.000000e+00
 [921,]  0.000000e+00
 [922,]  0.000000e+00
 [923,]  0.000000e+00
 [924,]  0.000000e+00
 [925,]  0.000000e+00
 [926,]  0.000000e+00
 [927,]  0.000000e+00
 [928,]  0.000000e+00
 [929,]  0.000000e+00
 [930,]  0.000000e+00
 [931,]  0.000000e+00
 [932,]  0.000000e+00
 [933,]  0.000000e+00
 [934,]  0.000000e+00
 [935,]  0.000000e+00
 [936,]  0.000000e+00
 [937,]  0.000000e+00
 [938,]  0.000000e+00
 [939,]  0.000000e+00
 [940,]  0.000000e+00
 [941,]  0.000000e+00
 [942,]  0.000000e+00
 [943,]  0.000000e+00
 [944,]  0.000000e+00
 [945,]  0.000000e+00
 [946,]  0.000000e+00
 [947,]  0.000000e+00
 [948,]  0.000000e+00
 [949,]  0.000000e+00
 [950,]  0.000000e+00
 [951,]  0.000000e+00
 [952,]  0.000000e+00
 [953,]  0.000000e+00
 [954,]  0.000000e+00
 [955,]  0.000000e+00
 [956,]  0.000000e+00
 [957,]  0.000000e+00
 [958,]  0.000000e+00
 [959,]  0.000000e+00
 [960,]  0.000000e+00
 [961,]  0.000000e+00
 [962,]  0.000000e+00
 [963,]  0.000000e+00
 [964,]  0.000000e+00
 [965,]  0.000000e+00
 [966,]  0.000000e+00
 [967,]  0.000000e+00
 [968,]  0.000000e+00
 [969,]  0.000000e+00
 [970,]  0.000000e+00
 [971,]  0.000000e+00
 [972,]  0.000000e+00
 [973,]  0.000000e+00
 [974,]  0.000000e+00
 [975,]  0.000000e+00
 [976,]  0.000000e+00
 [977,]  0.000000e+00
 [978,]  0.000000e+00
 [979,]  0.000000e+00
 [980,]  0.000000e+00
 [981,]  0.000000e+00
 [982,]  0.000000e+00
 [983,]  0.000000e+00
 [984,]  0.000000e+00
 [985,]  0.000000e+00
 [986,]  0.000000e+00
 [987,]  0.000000e+00
 [988,]  0.000000e+00
 [989,]  0.000000e+00
 [990,]  0.000000e+00
 [991,]  0.000000e+00
 [992,]  0.000000e+00
 [993,]  0.000000e+00
 [994,]  0.000000e+00
 [995,]  0.000000e+00
 [996,]  0.000000e+00
 [997,]  0.000000e+00
 [998,]  0.000000e+00
 [999,]  0.000000e+00
[1000,]  0.000000e+00
[1001,]  0.000000e+00
[1002,]  0.000000e+00
[1003,]  0.000000e+00
[1004,]  0.000000e+00
[1005,]  0.000000e+00
[1006,]  0.000000e+00
[1007,]  0.000000e+00
[1008,]  0.000000e+00
[1009,]  0.000000e+00
[1010,]  0.000000e+00
[1011,]  0.000000e+00
[1012,]  0.000000e+00
[1013,]  0.000000e+00
[1014,]  0.000000e+00
[1015,]  0.000000e+00
[1016,]  0.000000e+00
[1017,]  0.000000e+00
[1018,]  0.000000e+00
[1019,]  0.000000e+00
[1020,]  0.000000e+00
[1021,]  0.000000e+00
[1022,]  0.000000e+00
[1023,]  0.000000e+00
[1024,]  0.000000e+00
