1,0,9223
1,1,104
1,2,76705
1,4,16121
1,8,1881
1,16,219585
3,0,1959
3,1,1
3,2,12
3,3,22
3,4,1033
3,5,5140
3,6,14179
3,8,386
3,9,318
3,10,2951
3,12,2444
3,16,46
3,17,1853
3,18,31226
3,20,8288
3,24,190
3,32,8638
5,0,516
5,1,10
5,2,1133
5,4,1140
5,5,6
5,6,2462
5,8,120
5,9,675
5,10,2273
5,12,104
5,16,50
5,17,111
5,18,340
5,20,8904
5,24,6286
5,32,146
7,0,462
7,2,1
7,4,211
7,5,4
7,6,691
7,7,6
7,8,98
7,9,8
7,10,431
7,11,90
7,12,623
7,13,530
7,14,2902
7,16,9
7,17,1
7,18,36
7,19,67
7,20,34
7,21,50
7,22,6075
7,24,20
7,25,13
7,26,1835
7,28,2307
7,32,4
7,34,171
7,36,204
7,40,1618
7,48,23
9,0,86
9,1,50
9,2,616
9,4,164
9,8,21
9,9,2
9,10,400
9,12,1
9,16,787
9,17,6
9,18,15
9,20,7
9,24,1493
9,32,21
11,0,192
11,3,4
11,4,91
11,5,106
11,6,953
11,8,38
11,9,16
11,10,218
11,11,2
11,12,235
11,13,315
11,14,517
11,16,3
11,17,1
11,18,1060
11,20,324
11,21,7
11,22,160
11,24,18
11,25,36
11,26,1627
11,28,308
11,32,558
11,34,24
11,36,18
11,40,55
11,48,2
13,0,105
13,2,214
13,4,215
13,5,1
13,6,41
13,8,26
13,9,61
13,10,400
13,12,19
13,13,1
13,14,611
13,16,8
13,18,15
13,20,414
13,21,4
13,22,33
13,24,674
13,25,3
13,26,37
13,28,1583
13,32,9
13,36,11
13,40,11
13,48,1
15,0,120
15,2,1
15,4,62
15,5,1
15,6,221
15,8,20
15,10,126
15,12,178
15,13,53
15,14,822
15,15,4
15,16,2
15,18,14
15,20,13
15,22,342
15,23,3
15,24,10
15,26,447
15,28,200
15,29,4
15,30,1597
15,32,1
15,34,10
15,36,24
15,38,26
15,40,349
15,42,18
15,44,140
15,52,2
15,56,2
17,16,5901
17,17,70
17,18,55070
17,20,10937
17,24,1165
17,32,160549
19,16,2278
19,17,5
19,18,14
19,19,41
19,20,1329
19,21,6698
19,22,16980
19,24,535
19,25,424
19,26,3703
19,28,2635
19,32,61
19,33,2389
19,34,38042
19,36,6855
19,40,255
19,48,10800
21,16,917
21,17,56
21,18,2282
21,20,1943
21,21,9
21,22,5482
21,24,221
21,25,1726
21,26,2686
21,28,121
21,32,149
21,33,374
21,34,424
21,36,17127
21,40,7362
21,48,301
23,16,848
23,18,5
23,20,487
23,21,17
23,22,1602
23,23,12
23,24,195
23,25,25
23,26,958
23,27,262
23,28,1056
23,29,1090
23,30,4802
23,32,19
23,33,2
23,34,116
23,35,122
23,36,116
23,37,116
23,38,11673
23,40,53
23,41,38
23,42,3187
23,44,2265
23,48,5
23,49,1
23,50,663
23,52,3400
23,56,8
25,16,286
25,17,194
25,18,2319
25,20,630
25,24,98
25,25,4
25,26,1943
25,28,3
25,32,2754
25,33,70
25,34,339
25,36,77
25,40,4683
25,48,128
27,16,357
27,17,4
27,19,11
27,20,215
27,21,239
27,22,1975
27,24,86
27,25,36
27,26,547
27,27,6
27,28,519
27,29,703
27,30,1124
27,32,8
27,33,14
27,34,2418
27,35,7
27,36,905
27,37,30
27,38,281
27,40,41
27,41,118
27,42,3369
27,44,378
27,48,55
27,49,5
27,50,114
27,52,7
27,56,1687
29,16,186
29,17,1
29,18,626
29,20,502
29,21,2
29,22,67
29,24,73
29,25,120
29,26,922
29,28,54
29,29,2
29,30,2422
29,32,36
29,33,1
29,34,49
29,36,937
29,37,11
29,38,102
29,40,1385
29,41,19
29,42,260
29,44,3210
29,48,26
29,50,2
29,52,80
29,56,38
31,16,299
31,20,167
31,22,554
31,23,2
31,24,83
31,25,3
31,26,317
31,27,1
31,28,430
31,29,132
31,30,1904
31,31,5
31,32,6
31,34,40
31,36,34
31,38,909
31,39,5
31,40,18
31,41,1
31,42,1113
31,43,1
31,44,562
31,45,11
31,46,3592
31,48,1
31,50,30
31,52,13
31,54,250
31,56,6
31,58,134
31,60,1116
33,32,4714
33,33,50
33,34,44848
33,36,8531
33,40,857
33,48,127389
35,32,2283
35,33,10
35,34,65
35,35,27
35,36,1809
35,37,9291
35,38,15477
35,40,557
35,41,447
35,42,4076
35,44,1870
35,48,56
35,49,2564
35,50,55650
35,52,184
35,56,55
37,32,992
37,33,28
37,34,4079
37,36,2809
37,37,13
37,38,8114
37,40,305
37,41,1947
37,42,1610
37,44,21
37,48,237
37,49,163
37,50,393
37,52,31629
37,56,9
39,32,945
39,34,25
39,36,899
39,37,13
39,38,2055
39,39,13
39,40,295
39,41,7
39,42,1708
39,43,351
39,44,1010
39,45,1244
39,46,4771
39,48,27
39,50,158
39,51,118
39,52,75
39,53,43
39,54,27317
39,56,31
39,57,8
39,58,38
39,60,3
41,32,399
41,33,339
41,34,2752
41,36,886
41,40,100
41,41,8
41,42,3286
41,48,29
41,49,25
41,50,5
41,56,13212
43,32,407
43,33,2
43,34,12
43,35,15
43,36,400
43,37,354
43,38,1959
43,40,129
43,41,36
43,42,819
43,43,8
43,44,406
43,45,1670
43,46,1785
43,48,19
43,49,10
43,50,40
43,51,91
43,52,31
43,53,6
43,54,8
43,56,11
43,57,97
43,58,12450
45,32,236
45,33,5
45,34,939
45,36,618
45,37,6
45,38,4
45,40,74
45,41,166
45,42,394
45,44,4
45,45,5
45,46,2558
45,48,50
45,49,1
45,50,55
45,52,2
45,53,21
45,54,6
45,56,2
45,58,10
45,60,8247
47,32,325
47,33,1
47,34,5
47,36,302
47,37,4
47,38,689
47,39,7
47,40,116
47,41,3
47,42,614
47,43,1
47,44,410
47,45,219
47,46,1652
47,47,6
47,48,12
47,50,50
47,51,1
47,52,16
47,53,1
47,54,50
47,55,17
47,56,13
47,58,9
47,59,1
47,60,5
47,61,3
47,62,9744
