44807,0.527377
23342,0.486025
9753,0.432209
16701,0.568371
18045,0.519560
12917,0.460667
5487,0.635074
8984,0.578367
9465,0.510135
1622,0.770038
3657,0.696935
4674,0.623700
10876,0.928016
5289,0.870321
2241,0.798763
4029,0.980575
3827,0.915963
2604,0.818025
1260,1.071287
1831,0.989606
1768,0.903275
411,1.258019
748,1.143933
874,1.057130
3096,1.170823
1499,1.101631
671,1.009224
1279,1.222030
1242,1.136456
911,1.041436
530,1.302531
741,1.203918
727,1.100564
193,1.412386
351,1.334709
436,1.219344
2695,1.531786
1286,1.430872
519,1.278310
1035,1.615815
998,1.505628
651,1.337168
338,1.792003
489,1.609531
455,1.429987
113,2.031291
199,1.899537
216,1.666207
290,1.422862
142,1.363357
60,1.248333
131,1.465109
153,1.381744
102,1.290994
61,1.516766
112,1.443924
97,1.381165
24,1.726259
56,1.542520
76,1.527456
940,1.862449
443,1.812967
165,1.637594
324,1.884572
333,1.827018
213,1.703399
97,1.931681
141,1.904059
146,1.793908
27,2.196868
58,2.095706
68,1.999942
561,1.998317
259,1.916568
123,1.793319
258,2.064859
247,1.982882
166,1.825347
97,2.178793
137,2.003076
125,1.876542
46,2.276160
69,2.171660
79,2.065428
747,2.327876
360,2.235211
146,2.076183
282,2.412247
302,2.321413
183,2.208065
94,2.595401
138,2.398410
140,2.304289
30,2.900964
55,2.636883
69,2.505015
32327,0.284084
16793,0.255398
7152,0.215746
12288,0.312540
13177,0.278547
9396,0.232961
4015,0.356164
6752,0.316658
7026,0.267481
1168,0.446630
2721,0.395876
3551,0.333182
13285,0.556445
6540,0.502102
2781,0.436503
4893,0.604655
4725,0.538135
3221,0.471175
1591,0.674420
2323,0.600535
2173,0.539770
469,0.820589
941,0.729764
1107,0.649459
4629,0.713690
2332,0.661205
1021,0.572246
1970,0.763829
2015,0.695434
1424,0.592369
758,0.818770
1143,0.765646
1106,0.656763
312,0.907217
550,0.842364
651,0.774794
4731,0.975249
2297,0.890167
997,0.797463
1741,1.065442
1702,0.961542
1207,0.848019
594,1.202467
843,1.045558
808,0.914222
193,1.387117
337,1.254282
405,1.038946
1383,0.972596
667,0.888590
324,0.774688
612,1.019405
543,0.924764
422,0.766331
256,1.052724
312,0.935652
323,0.791656
125,1.145516
172,1.031794
209,0.909001
2094,1.211285
979,1.127817
410,1.020673
743,1.292079
689,1.194223
431,1.031714
262,1.407742
377,1.290122
324,1.124094
73,1.604071
128,1.488378
142,1.304681
1288,1.426313
627,1.322253
275,1.166209
596,1.487684
523,1.395403
407,1.248769
271,1.545665
279,1.424720
305,1.249402
150,1.621223
146,1.554232
144,1.413065
1618,1.654277
787,1.510135
339,1.259613
633,1.760136
604,1.604324
414,1.402767
210,1.938545
275,1.679733
304,1.553390
62,2.299313
88,2.118623
126,1.814388
25700,0.109358
13321,0.090338
5692,0.064224
9875,0.128067
10580,0.105172
7540,0.075563
3431,0.151288
5624,0.129075
5919,0.095490
1011,0.195429
2289,0.174451
3115,0.139889
13429,0.247238
6357,0.204069
2668,0.156351
5002,0.276550
4748,0.228167
3239,0.176739
1660,0.311436
2487,0.265478
2405,0.212847
506,0.403602
1018,0.351344
1253,0.282322
5699,0.337240
2867,0.279029
1260,0.203257
2566,0.365199
2536,0.305844
1855,0.227461
1070,0.405693
1442,0.339276
1542,0.257305
462,0.453475
701,0.417643
920,0.328447
5661,0.497872
2812,0.424694
1192,0.319705
2148,0.554412
2183,0.470761
1441,0.353634
734,0.587488
1150,0.520017
1056,0.421202
220,0.696299
468,0.607708
603,0.547227
2328,0.368447
1139,0.317334
502,0.250900
1022,0.407388
1003,0.357884
723,0.273435
428,0.462213
613,0.407494
648,0.331241
182,0.514640
255,0.457670
363,0.377718
2917,0.544986
1381,0.447517
561,0.354643
1102,0.620526
1014,0.519352
620,0.380220
376,0.697938
535,0.586152
432,0.438156
132,0.793112
240,0.704949
233,0.606239
1407,0.611357
708,0.511537
326,0.356538
708,0.652014
682,0.521070
514,0.392823
333,0.735172
409,0.603706
489,0.422761
170,0.805714
191,0.667793
291,0.572333
2138,0.824277
1075,0.677081
466,0.501237
822,0.940212
845,0.787495
561,0.536119
281,1.106414
410,0.935055
403,0.707864
93,1.423432
179,1.192734
214,0.927516
